dataver1/images/train/000060e3121c7305.jpg 150,200,443,297,9 148,289,233,361,9 147,284,438,390,9 146,198,446,396,3 523,292,635,363,3 499,109,626,248,3 401,175,429,213,3 382,217,397,254,3 372,124,400,149,3 366,266,419,303,3 360,260,370,285,3 298,195,313,208,3 284,189,294,211,3 251,194,274,210,3 249,266,272,279,3 209,248,252,287,3 199,195,213,211,3 195,239,208,250,3 188,268,205,284,3 180,214,192,248,3 162,177,188,206,3 160,269,191,287,3 274,230,327,265,3 148,277,456,415,0 340,275,424,389,0 522,289,635,363,0 217,272,251,283,0 206,247,250,286,0 518,289,634,367,0 400,178,430,214,0 378,262,422,304,0 330,240,351,266,0 266,225,330,269,0 248,236,265,260,0 161,174,191,208,0
dataver1/images/train/0000cb13febe0138.jpg
dataver1/images/train/0000de486dc6c49f.jpg 12,15,611,598,12
dataver1/images/train/00010d873e81c61e.jpg 203,275,265,352,6 39,323,120,412,6 71,101,225,498,6
dataver1/images/train/00014b4ab6669708.jpg 363,109,387,260,1 402,222,461,330,5
dataver1/images/train/000191087c2c9533.jpg 50,91,223,243,1
dataver1/images/train/0002c6ace3fef696.jpg
dataver1/images/train/0002e69e7a381d79.jpg
dataver1/images/train/0002f5f227b0c2dc.jpg 82,245,112,269,8 49,440,93,469,8 388,261,436,321,3 90,260,122,321,3 578,132,618,250,3 409,135,434,261,3 329,126,348,309,3 242,123,276,309,3 113,130,153,238,3 492,209,540,352,3 230,200,274,325,3 170,212,208,327,3 108,216,150,350,3 44,212,98,367,3 10,280,86,379,3 174,382,190,401,3 158,386,174,407,3 130,438,148,468,3 114,403,138,418,3 110,375,127,391,3 92,375,105,395,3 84,423,109,449,3 76,366,98,380,3 19,434,44,456,3 187,340,266,399,3 493,236,533,309,3 234,220,272,292,3
dataver1/images/train/00033546c87cf14a.jpg 566,338,623,430,1 487,339,539,430,1
dataver1/images/train/0003a351caf34972.jpg 316,233,386,421,2
dataver1/images/train/00043633834f5a1c.jpg
dataver1/images/train/000448f180ca3a76.jpg 420,92,510,282,6 414,1,532,166,6 305,110,382,209,6 263,144,414,327,6 230,164,460,419,6 134,105,216,285,6 125,47,255,173,6 415,96,508,289,6 304,109,380,211,6 260,154,415,381,6 132,109,218,294,6 128,47,252,167,6
dataver1/images/train/000467588f9797fc.jpg 223,384,242,407,3 192,377,224,420,3 171,376,204,435,3 147,385,166,397,3 146,391,184,453,3 119,414,158,465,3 108,387,126,401,3 94,412,114,430,3 76,402,95,417,3 206,138,280,198,3 170,6,340,202,3
dataver1/images/train/0004e97f948b7942.jpg 463,228,484,276,6 437,239,469,279,6 409,237,460,309,6 381,230,426,296,6 370,227,415,259,6 323,239,395,292,6 302,224,331,258,6 280,209,293,222,6 278,258,326,332,6 272,235,303,279,6 243,188,266,212,6 231,228,268,305,6 223,222,246,265,6 186,240,265,324,6 148,217,178,244,6 136,222,152,241,6 131,229,165,307,6 112,214,130,240,6 87,224,108,249,6 51,204,66,219,6 28,209,43,223,6 244,189,265,213,6 208,84,355,164,6
dataver1/images/train/00052e8d1fd495a5.jpg 267,180,337,215,3 447,212,490,266,3 407,203,443,246,3 394,213,449,295,3 381,198,423,215,3 366,206,407,240,3 358,202,392,212,3 346,217,400,295,3 341,172,365,208,3 336,173,358,207,3 328,173,347,208,3 324,209,369,273,3 315,204,359,262,3 305,172,328,209,3 281,172,303,208,3 250,174,273,212,3 237,174,261,215,3 180,206,223,264,3 174,215,225,268,3 145,209,182,233,3 144,223,205,278,3 123,214,166,253,3 112,211,148,225,3 90,240,162,314,3 81,216,123,246,3 76,209,111,234,3 38,218,75,244,3 29,261,134,327,3 28,240,85,323,3
dataver1/images/train/00055a1036546436.jpg 193,198,413,332,0 251,137,339,306,0 181,149,283,263,0 88,124,155,249,0 18,120,87,261,0
dataver1/images/train/00056cf5ffe78d8f.jpg 325,73,363,103,6 324,91,366,180,6 327,86,364,124,6 173,64,297,238,6 324,74,365,176,6 171,61,198,92,6
dataver1/images/train/00056e547b7c00d6.jpg
dataver1/images/train/0005a9520eb22c19.jpg
dataver1/images/train/0005ab25224dfadf.jpg 351,74,483,299,16 148,89,357,329,16
dataver1/images/train/0006303f02219b07.jpg
dataver1/images/train/00064d23bf997652.jpg
dataver1/images/train/00067fe83e3e21c8.jpg
dataver1/images/train/00068819abe4b1f5.jpg 435,105,576,197,3 418,69,518,103,3 31,92,280,206,3 247,238,315,288,3 182,301,243,365,3 138,306,197,346,3 132,276,209,303,3 123,266,210,292,3 99,334,137,352,3 68,300,150,339,3
dataver1/images/train/0006ac4a96b73978.jpg 284,170,349,336,6 242,134,343,343,6 282,136,350,334,6 229,135,344,337,6
dataver1/images/train/0007ab455476f960.jpg
dataver1/images/train/0007ac467f3e0260.jpg 165,192,174,219,2 155,223,172,242,2
dataver1/images/train/0007da0d5e434ee2.jpg 422,85,483,218,9 191,43,320,147,9 97,36,201,131,9 13,39,83,134,9 18,63,37,168,9 325,108,392,160,3 301,138,430,348,3 95,157,119,273,3 377,110,425,131,3 337,157,415,180,3 326,141,357,160,3 311,139,317,145,3 300,137,309,144,3 260,192,297,216,3 250,168,320,178,3 154,177,192,200,3 125,176,146,193,3 105,175,129,194,3 130,283,261,367,3
dataver1/images/train/00082a3978d14a03.jpg
dataver1/images/train/00084293924f6715.jpg 243,85,382,253,6 93,68,188,171,6 295,80,349,126,6 515,48,632,272,6 262,40,363,250,6 86,68,187,242,6 11,184,638,357,6
dataver1/images/train/0008ab3d8674f6ca.jpg 47,254,343,452,12
dataver1/images/train/0008cf211699d6a5.jpg
dataver1/images/train/0008e0ae64dd9003.jpg 193,160,248,372,9 162,364,255,514,9
dataver1/images/train/00092fa0c421c8c0.jpg
dataver1/images/train/0009450a8ed12bd4.jpg 250,207,298,304,11 563,427,617,477,11 546,396,608,429,11 533,332,573,388,11 430,459,480,479,11 424,419,484,460,11 424,339,482,426,11 396,435,417,453,11 390,371,426,425,11 385,95,420,110,11 232,131,287,168,11 180,177,196,193,11 472,47,588,477,11
dataver1/images/train/00095dfd91f26594.jpg 278,117,524,168,16 62,315,277,364,16
dataver1/images/train/00096d55fb575b59.jpg 213,151,384,324,11 185,241,304,298,11
dataver1/images/train/0009c4db6ea55210.jpg 323,271,411,316,14 308,234,341,253,14 223,220,248,230,14 84,235,292,309,14 76,220,112,248,14
dataver1/images/train/0009e54760e08784.jpg 423,171,461,276,3 11,199,51,299,3
dataver1/images/train/0009fe55932780d5.jpg 192,276,273,416,6
dataver1/images/train/000a54f1bdb96839.jpg 130,102,340,196,4
dataver1/images/train/000aa552a9d80891.jpg
dataver1/images/train/000ba64bb7d9c7be.jpg 503,208,564,269,9 502,316,574,382,9 502,264,570,324,9 500,368,576,427,9 489,145,558,210,9 370,378,508,452,9 364,145,502,213,9 364,277,487,333,9 363,214,496,280,9 354,318,503,400,9 208,397,362,443,9 208,336,361,408,9 202,278,358,351,9 200,209,355,288,9 195,144,352,219,9 28,345,206,427,9 26,141,199,219,9 25,222,206,296,9 22,286,203,354,9 512,430,552,478,9 509,377,552,424,9 508,325,556,382,9 505,272,562,321,9 504,221,559,269,9 498,163,546,209,9 371,396,498,448,9 370,338,491,393,9 366,280,482,334,9 366,225,490,276,9 362,168,490,213,9 240,165,255,212,9 210,398,356,438,9 210,349,346,409,9 205,286,345,348,9 204,164,346,217,9 204,227,353,283,9 30,294,198,356,9 29,352,202,423,9 27,233,197,293,9 24,159,189,218,9 505,429,556,472,16 503,323,559,374,16 501,377,558,427,16 500,216,563,262,16 498,161,549,207,16 490,266,554,316,16 426,432,502,477,16 367,395,493,446,16 364,224,486,272,16 362,171,488,210,16 362,278,482,330,16 220,408,354,435,16 210,290,342,348,16 208,228,353,282,16 200,168,353,215,16 93,435,432,478,16 29,234,201,287,16 27,355,199,423,16 27,291,198,353,16 27,159,194,216,16 88,434,430,479,0
dataver1/images/train/000bc33717a6371f.jpg 296,125,387,162,9 255,185,402,263,9 163,101,222,117,9 188,75,223,134,9 283,58,351,121,9 155,56,190,95,9 370,178,499,319,3 124,126,227,207,3 66,6,144,124,3 370,172,499,321,0 253,174,399,266,0 378,154,459,297,0 130,120,181,195,0 8,159,150,298,0
dataver1/images/train/000be7f100f1f8ef.jpg 45,103,484,479,11
dataver1/images/train/000bf0ddff4c7310.jpg 463,120,574,190,9 189,253,366,344,9 180,195,362,283,9 176,141,356,210,9 120,67,374,479,10 426,97,560,443,1 120,66,365,348,1
dataver1/images/train/000c01d8269e1554.jpg 120,215,209,405,11 52,399,290,498,2
dataver1/images/train/000c0535f058da77.jpg 157,217,232,277,3 156,194,206,220,3
dataver1/images/train/000c21f963a9ca35.jpg 289,181,349,341,6 271,194,289,264,6 182,178,267,360,6 170,188,208,265,6 153,186,186,274,6 117,259,153,352,6 96,189,126,247,6 53,176,99,229,6 49,208,130,356,6 28,183,53,266,6 3,189,18,235,6
dataver1/images/train/000c24660cd3fd95.jpg 44,49,457,456,12
dataver1/images/train/000c86a3146410e2.jpg 358,217,387,230,3 290,225,339,241,3 275,218,328,239,3 253,203,293,218,3 250,100,335,150,3 215,205,265,235,3 200,133,260,195,3 182,188,200,215,3 158,213,229,238,3 158,157,179,218,3 82,85,124,163,3 34,159,55,199,3 25,82,84,157,3 17,136,34,191,3 1,175,404,330,0 249,100,342,155,0 195,136,259,201,0 87,80,127,192,0
dataver1/images/train/000c9e454bbf6d0d.jpg 93,138,326,569,1
dataver1/images/train/000cc8e52d31300b.jpg 461,163,532,258,3 82,97,166,232,3 68,164,178,278,3 4,168,66,213,3
dataver1/images/train/000da34bd064d58a.jpg 104,155,390,189,14 94,123,353,428,14
dataver1/images/train/000de1f747d0c468.jpg 100,263,452,429,3 438,219,583,414,3 319,242,425,369,3 274,212,307,262,3 205,238,312,383,3 171,211,213,257,3 583,240,636,299,3 501,194,530,228,3 398,185,425,205,3 397,181,462,237,3 368,195,397,211,3 282,185,342,230,3 180,185,202,222,3 75,180,119,243,3
dataver1/images/train/000df6536989f2a7.jpg 266,317,335,463,9 187,408,237,430,9 185,328,237,458,9 54,284,95,338,16
dataver1/images/train/000e80d9cf37daf3.jpg
dataver1/images/train/000e8f17ef52704a.jpg 65,376,151,598,9 281,528,335,633,9
dataver1/images/train/000f24d363c4b66c.jpg
dataver1/images/train/000ff7e15987cdb8.jpg
dataver1/images/train/0010492df4e1b810.jpg 581,312,606,327,8 566,264,587,277,8 539,270,561,282,8 536,285,552,296,8 357,239,389,256,8 344,233,372,247,8 288,230,301,241,8 278,213,302,227,8 158,399,182,417,8 138,400,182,427,8 96,334,123,352,8 82,348,100,368,8 64,353,82,370,8 35,363,62,383,8 593,207,629,265,3 401,195,470,217,3 258,228,395,320,3 165,193,242,236,3 579,303,604,322,3 567,266,584,275,3 562,293,578,311,3 545,233,554,243,3 539,270,558,281,3 538,286,552,293,3 462,199,470,207,3 446,192,455,200,3 408,194,418,202,3 368,246,384,255,3 349,238,364,246,3 287,214,296,223,3 278,240,295,253,3 176,190,193,198,3 149,344,163,365,3 140,401,169,424,3 77,314,103,333,3 62,182,73,190,3 40,371,55,378,3 25,194,41,206,3 1,368,35,389,3
dataver1/images/train/0010604f24489639.jpg 11,42,373,592,16
dataver1/images/train/0010c6483e915553.jpg 95,44,412,329,17
dataver1/images/train/001139535799c155.jpg 82,22,304,247,17
dataver1/images/train/001141ea46dec113.jpg 172,192,179,248,1
dataver1/images/train/0012152b4e7fff97.jpg 218,107,229,130,8 173,119,185,143,8 150,270,245,308,8 96,124,106,146,8 389,200,413,211,3 370,204,396,214,3 319,274,348,291,3 317,288,340,304,3 262,231,290,246,3 182,316,273,362,3 173,286,220,302,3 40,245,88,338,3 413,199,425,212,3 289,283,317,320,3 43,256,89,339,3 287,259,322,327,8 96,309,149,341,8
dataver1/images/train/00121eb7671f8465.jpg 343,227,472,281,3 140,173,304,252,3 330,202,484,364,8
dataver1/images/train/0012411efe69efdb.jpg 290,46,438,405,6
dataver1/images/train/0012412895432b2d.jpg 133,126,498,266,0
dataver1/images/train/00126bd470298515.jpg
dataver1/images/train/0012853e2e89f53e.jpg 185,22,415,244,9 95,342,368,616,9 68,109,228,249,9 182,23,413,203,9 128,338,331,504,9 110,555,351,588,9 69,223,340,240,9
dataver1/images/train/00129ccb99612727.jpg
dataver1/images/train/0012a3d879bdc21e.jpg 395,348,489,445,17
dataver1/images/train/0012d875044bfa35.jpg 184,24,494,308,11
dataver1/images/train/00134148c2ab3db5.jpg
dataver1/images/train/0013ae186a0c98c8.jpg 88,275,351,514,11
dataver1/images/train/0014169878a84bd5.jpg 38,135,569,357,11
dataver1/images/train/00141afde2d78bf2.jpg 207,35,292,299,6 198,36,296,298,6
dataver1/images/train/00142fa70fe03ffa.jpg
dataver1/images/train/00149ed2733a5024.jpg 58,214,428,460,3 233,192,393,405,3 152,226,344,500,3 41,238,184,418,3
dataver1/images/train/0014a127103f083d.jpg 501,200,529,217,3 382,148,432,177,3 307,151,356,183,3 228,150,282,184,3 122,152,183,201,3
dataver1/images/train/0014ae15d83f42f0.jpg 135,279,175,429,1 505,348,531,419,1 488,367,509,420,1 431,323,477,447,1
dataver1/images/train/0014bc6d3ec18706.jpg 254,59,385,314,6 137,103,242,255,6 25,184,138,406,6
dataver1/images/train/0015084373d62a70.jpg 197,306,492,424,3
dataver1/images/train/00150c19e2fd26a9.jpg 400,217,423,278,9 353,168,422,197,9 291,259,315,298,9 290,118,378,191,9 277,246,314,298,9 269,183,391,266,9 266,53,385,120,9 232,43,290,102,9 228,171,282,218,9 219,113,290,172,9 219,227,288,292,9 180,205,219,254,9 171,37,245,93,9 169,98,233,156,9 167,157,238,207,9 25,64,69,120,9 8,148,172,332,16
dataver1/images/train/00154b4a21f2c2f5.jpg 441,88,513,425,1 394,99,453,426,1 14,128,121,393,1
dataver1/images/train/001569fa9bc3eb58.jpg 1,160,498,424,2
dataver1/images/train/001586e913b84bfc.jpg 154,11,451,328,17
dataver1/images/train/0015f87675ca226c.jpg 305,177,444,332,1
dataver1/images/train/0016285d687bf97a.jpg
dataver1/images/train/0016a719395bc945.jpg
dataver1/images/train/0016cb8f06d33168.jpg 18,344,233,502,11 219,86,421,508,11
dataver1/images/train/001700e7b2cbf3d7.jpg
dataver1/images/train/001716b67186677c.jpg 338,205,453,248,3 309,230,458,279,3
dataver1/images/train/00176417fa2020e7.jpg
dataver1/images/train/001784fa5484ab20.jpg
dataver1/images/train/001795cc1935bcdf.jpg 58,215,422,377,3 473,69,634,255,3 235,41,411,220,3 60,215,421,371,0 262,186,299,223,0 202,196,236,229,0 140,188,188,233,0 46,186,120,262,0
dataver1/images/train/001799237d3ed58e.jpg 32,76,564,305,11
dataver1/images/train/00179dab1251271b.jpg 242,194,414,304,11
dataver1/images/train/0017a7c9a3027127.jpg 250,49,401,533,9 308,232,317,266,9 255,226,299,359,16 66,224,111,429,16 104,316,296,638,16 66,25,294,230,16 95,234,301,636,16
dataver1/images/train/0017b3722e2579fe.jpg 560,251,582,289,8 531,272,554,312,8 518,267,542,307,8 185,298,218,313,8 180,262,193,296,8 164,262,179,301,8 133,270,157,312,8 559,262,576,279,8 534,285,552,301,8 518,281,539,295,8 309,235,322,245,8 385,251,486,378,8 321,177,365,245,8 133,178,188,284,8 158,261,188,299,8
dataver1/images/train/00182181e687981d.jpg 9,9,370,498,9 335,116,370,225,9 300,113,343,225,9 298,5,334,88,9 256,11,295,86,9 245,116,297,229,9 212,113,256,229,9 211,9,258,86,9 208,383,243,484,9 163,115,204,229,9 161,9,204,84,9 122,110,157,231,9 77,111,117,225,9 74,11,117,88,9 32,109,75,231,9 22,8,70,85,9 19,375,329,476,9 11,116,37,225,9 8,248,374,359,9
dataver1/images/train/00182e06281874be.jpg 280,83,377,148,3 250,63,312,90,3 358,65,385,88,3 299,54,340,84,3 237,96,317,174,3 210,61,244,106,3 162,62,204,110,3 143,41,162,67,3 59,107,149,222,3 8,89,61,162,3 458,70,490,108,3 455,60,463,68,3 409,73,446,120,3 376,85,418,146,3 344,90,400,160,3 339,67,361,87,3 334,59,344,73,3 320,88,357,166,3 263,80,286,126,3 250,110,322,214,3 239,71,268,121,3 235,61,262,90,3 212,75,241,130,3 197,128,282,225,3 168,49,175,54,3 167,71,195,114,3 95,46,119,83,3 43,85,70,126,3 2,104,63,210,3
dataver1/images/train/00183acb551a3a0d.jpg 374,293,423,314,9 25,112,69,155,9
dataver1/images/train/0018a7c115fa7a5b.jpg 201,146,400,273,11 167,252,300,371,11
dataver1/images/train/0018ba0f2f6aa839.jpg 220,254,414,348,3 53,259,107,318,3 220,258,407,353,0
dataver1/images/train/0018de8db0acc865.jpg 445,64,463,98,8 440,169,466,204,8 419,113,439,130,8 392,39,404,58,8 384,151,423,207,8 314,40,328,61,8 218,61,238,90,8 201,74,213,94,8 128,76,155,114,8 82,96,98,114,8 45,117,71,146,8 358,53,420,130,3 286,75,386,189,3 560,40,615,112,3 528,18,552,38,3 367,17,396,52,3 278,16,312,53,3 240,14,266,69,3 165,26,208,82,3 72,34,137,104,3
dataver1/images/train/0018e9995b29da7a.jpg
dataver1/images/train/00199480f2daba0a.jpg 320,259,330,269,8 300,267,321,273,8 257,345,274,358,8 223,215,239,224,8 170,223,194,231,8 160,254,184,266,8 283,261,357,335,3 55,237,189,304,3
dataver1/images/train/0019edb653711193.jpg 103,74,502,304,12
dataver1/images/train/001a23c9dd973787.jpg 18,58,349,369,11
dataver1/images/train/001a4338f140e05e.jpg 187,253,342,430,1
dataver1/images/train/001a4a9fc0d7dce3.jpg 100,16,368,213,3 353,269,499,367,0
dataver1/images/train/001a81b867d57aba.jpg 172,168,503,267,8 161,10,597,111,8 102,152,442,299,8 465,165,524,317,8 72,120,221,198,8 1,98,121,184,8 523,188,597,327,8 462,164,537,312,8 69,120,218,191,8
dataver1/images/train/001aa1409442a07c.jpg
dataver1/images/train/001aad89a2414f13.jpg
dataver1/images/train/001ad2eb34b7715a.jpg 146,18,302,155,3
dataver1/images/train/001aed0b2c173966.jpg 155,199,373,448,2
dataver1/images/train/001b0736372ccbdf.jpg 242,277,421,390,9 494,135,538,168,9 281,54,397,286,9 125,177,136,202,9 114,170,132,198,9 283,54,391,282,9
dataver1/images/train/001b283e93591cf4.jpg
dataver1/images/train/001b2c8819fa5d2f.jpg 410,183,466,236,17 372,62,412,130,17 354,277,411,335,17 275,39,387,149,17 272,143,300,175,17 210,126,254,229,17 204,265,249,321,17 197,97,246,139,17 138,188,216,256,17 114,122,162,184,17 13,146,128,324,17
dataver1/images/train/001b5f3a9e02f53c.jpg 454,328,490,357,8 436,314,450,353,8 425,320,489,365,8 252,354,341,402,8 244,117,448,315,8 219,328,299,370,8 525,116,538,123,8 451,216,475,236,8 430,284,446,295,8 427,329,480,360,8 394,246,427,260,8 393,178,405,191,8 387,226,411,239,8 386,295,437,309,8 378,204,400,215,8 376,184,388,196,8 360,366,378,383,8 360,173,377,184,8 305,384,314,394,8 301,363,323,380,8 296,174,309,184,8 292,160,312,171,8 281,371,296,378,8 277,253,308,270,8 272,207,309,218,8 272,227,310,238,8 271,357,290,367,8 269,305,278,316,8 264,307,271,315,8 242,334,293,357,8 597,63,605,70,8 584,280,609,298,8 540,215,560,226,8 465,214,474,230,8 435,172,442,179,8 432,170,447,178,8 383,140,396,146,8 262,193,273,204,8 159,287,174,295,8 159,284,170,299,8 401,328,443,378,8
dataver1/images/train/001b61e5094d71cb.jpg 117,255,296,384,12
dataver1/images/train/001bdfc9d80eead2.jpg 240,181,398,204,9 42,145,85,296,9 127,291,177,319,9 175,27,271,138,3 102,59,186,152,3 311,332,431,558,3 226,319,312,507,3 155,305,250,478,3
dataver1/images/train/001bf15f5ec95647.jpg
dataver1/images/train/001c4143107c91ea.jpg 120,37,221,275,6
dataver1/images/train/001cdcf57aea6419.jpg 170,226,309,288,3 100,321,190,433,3 60,224,94,275,3 59,282,109,366,3 1,336,88,447,3
dataver1/images/train/001ce300279f1a81.jpg 573,97,638,314,1
dataver1/images/train/001d99748214887b.jpg 10,43,488,456,17
dataver1/images/train/001db4ea37f9c8b3.jpg
dataver1/images/train/001db64c9594f669.jpg 436,106,578,162,3 317,140,421,197,3 285,82,318,93,3 247,87,285,116,3 243,83,283,105,3 215,138,316,202,3
dataver1/images/train/001dbd01080718b1.jpg 55,48,464,264,5
dataver1/images/train/001dfa5785fa95d2.jpg
dataver1/images/train/001e0432cb8c105a.jpg 195,241,408,330,3 184,232,489,396,3 333,263,352,276,3 317,277,365,294,3 310,273,335,285,3 201,270,220,279,3 462,183,473,197,3 411,247,423,264,3 351,199,365,211,3 272,273,298,298,3 224,272,241,284,3 202,212,212,217,3 395,178,489,391,3
dataver1/images/train/001e0b7c387bdd06.jpg
dataver1/images/train/001e39ef5ce27e0a.jpg 305,155,481,294,11 148,139,305,290,11
dataver1/images/train/001e72f01d1033a9.jpg 348,314,400,395,3 330,279,408,332,3 57,302,136,394,3 376,316,400,343,3 360,284,410,361,3 354,275,399,342,3 270,238,290,287,3 236,253,267,305,3 224,235,241,259,3 207,235,229,262,3 204,258,236,326,3 193,237,211,267,3 176,241,207,280,3 162,267,216,343,3 66,274,126,374,3 60,259,86,296,3 2,292,80,400,3
dataver1/images/train/001e813d54a0acca.jpg
dataver1/images/train/001ecac90c6f4457.jpg 194,242,456,420,11
dataver1/images/train/001ed4dc220ca57f.jpg 61,21,316,222,11
dataver1/images/train/001f2aaae28c1b91.jpg
dataver1/images/train/001f49aa58ddc4cd.jpg 285,268,438,365,3 257,264,355,342,3 153,287,320,387,3 110,282,280,370,3 119,245,422,386,0 468,278,486,316,0 376,282,432,364,0 332,299,394,378,0 274,295,329,385,0 273,268,288,282,0 118,281,177,359,0
dataver1/images/train/001f52c1a67d5c52.jpg 26,39,480,225,17 146,81,227,220,17
dataver1/images/train/001f5677d72bdeb9.jpg 434,112,535,135,8 159,91,300,132,8 82,327,189,387,8 77,134,428,445,8 146,294,224,321,3 125,281,235,334,8
dataver1/images/train/001f6109da87d168.jpg
dataver1/images/train/001f7777f3774a89.jpg 446,145,624,276,3 446,46,492,156,3 304,20,393,139,3 190,5,296,145,3 108,243,202,395,3 536,47,602,145,3
dataver1/images/train/001fc169fe6b7000.jpg 384,124,536,360,10 155,69,396,422,10 242,214,279,248,10 302,172,322,196,10 250,144,278,173,10
dataver1/images/train/001fc22eb4b72fdc.jpg 320,189,583,318,3 98,145,244,231,3 316,182,584,322,0
dataver1/images/train/001fc90548cd3f5b.jpg 95,265,244,363,5 96,269,245,366,5
dataver1/images/train/00209e80c489c6fa.jpg 9,253,153,372,3
dataver1/images/train/0020c297db8672b8.jpg 75,111,542,432,11
dataver1/images/train/0021194916b676e6.jpg 310,41,497,127,17 25,22,343,86,17 10,50,329,119,17 281,108,404,151,17
dataver1/images/train/00218e254b8a046b.jpg
dataver1/images/train/0021d61e016ba1bc.jpg 194,168,335,240,9 190,128,229,179,9 176,339,257,437,9 172,375,256,474,9 128,22,184,81,9 517,24,550,88,9 178,312,410,476,9 478,285,596,357,9 330,233,639,479,9 176,355,410,476,0 123,24,392,305,9
dataver1/images/train/0022a377c2eb43f4.jpg 18,38,326,596,9 242,453,290,542,9 241,331,305,390,9 241,187,298,318,9 170,262,220,304,9 169,186,225,259,9 168,59,233,183,9 167,406,222,446,9 99,67,136,181,9 97,342,140,444,9 35,265,98,308,9 28,68,86,183,9 18,45,327,604,16 166,319,220,413,17
dataver1/images/train/002372bac1d511fe.jpg 202,74,453,453,11
dataver1/images/train/0023d59d6c42b031.jpg
dataver1/images/train/0023e1c8732353cd.jpg 120,69,596,425,4 313,4,468,198,4 252,153,316,234,4 222,157,275,175,4 198,171,252,254,4 165,168,229,253,4
dataver1/images/train/0024101aa00840a0.jpg
dataver1/images/train/0024404b1de714a6.jpg 506,189,612,285,0 194,165,350,297,0 426,211,444,266,0 106,217,128,262,0
dataver1/images/train/0024a0dd612d245c.jpg
dataver1/images/train/0024a6207b572a5b.jpg
dataver1/images/train/0024c2dad2ec0217.jpg 99,322,201,397,8 7,106,128,206,8
dataver1/images/train/00250f1aa32b674e.jpg 65,17,444,309,17
dataver1/images/train/00251c7d87cd86fa.jpg 9,83,391,313,11 317,207,380,246,11
dataver1/images/train/00251ec65b511195.jpg 271,147,403,245,3
dataver1/images/train/00253aa4533fd53a.jpg
dataver1/images/train/00255d73a1c97c53.jpg 295,167,317,201,9 295,119,310,156,9 295,211,309,247,9 293,377,311,428,9 292,253,311,295,9 289,310,317,379,9 287,415,315,466,9 238,64,282,107,9 233,165,275,203,9 233,112,274,156,9 233,211,271,254,9 231,258,276,308,9 227,351,272,390,9 225,300,275,354,9 223,390,271,444,9 223,441,267,490,9 1,396,68,433,9
dataver1/images/train/00257942c4ee6b34.jpg 222,276,315,346,17 220,178,305,280,17 170,102,261,205,17 152,15,252,112,17 140,270,223,358,17 132,103,326,358,17 127,177,214,283,17
dataver1/images/train/0025b2c175927f47.jpg
dataver1/images/train/0025d98dac2dd786.jpg
dataver1/images/train/0025ee05cb199d32.jpg 42,99,620,368,12
dataver1/images/train/00264de91ac40651.jpg 241,76,252,93,8 211,68,247,93,8 130,10,208,83,8 116,46,142,68,8 108,110,270,235,8 95,21,115,62,8 93,110,128,221,8 181,257,247,390,8 131,259,392,478,8
dataver1/images/train/00267e0c8e2eb09a.jpg
dataver1/images/train/0026e4a8ad8b3c51.jpg
dataver1/images/train/0026f962ade5fc45.jpg
dataver1/images/train/00272f9f0af624eb.jpg 309,181,418,219,3 162,165,243,262,3
dataver1/images/train/002730ebd4e115d1.jpg 276,244,585,343,3 262,258,578,374,0 418,321,637,479,0 386,213,484,270,0 238,217,295,299,0
dataver1/images/train/002735ec2c4d8b1b.jpg 398,218,447,249,3 271,261,281,275,3 268,258,277,269,3 77,132,397,292,3 39,208,86,272,3 238,182,272,225,3
dataver1/images/train/0027717ee5abd636.jpg 295,351,395,447,9 87,409,227,575,9 74,106,296,582,12 283,4,424,564,16
dataver1/images/train/0027b240f550664e.jpg 158,89,239,214,2
dataver1/images/train/0027cc0afe9b2a05.jpg 180,199,432,432,9 309,309,434,434,9
dataver1/images/train/00286659b2adaef2.jpg
dataver1/images/train/00287bf8ccc459fa.jpg
dataver1/images/train/0028cac8669a9712.jpg 542,371,585,418,8 530,353,562,393,8 470,353,536,415,8 432,255,451,291,8 422,267,494,333,8 344,302,414,426,8
dataver1/images/train/0028e126ab55ebfc.jpg 412,184,448,219,3 333,306,426,340,3 192,286,210,294,3 163,291,202,304,3
dataver1/images/train/00291cbb1d7f322e.jpg
dataver1/images/train/00292b35fa99320b.jpg
dataver1/images/train/00292e0d42736aab.jpg 460,222,494,274,3 445,233,486,298,3 400,218,427,254,3 398,217,432,235,3 386,247,476,375,3 382,227,425,270,3 350,213,382,246,3 336,222,374,246,3 316,211,341,237,3 313,242,371,321,3 313,209,343,220,3 299,217,336,237,3 280,207,302,233,3 273,207,304,217,3 267,239,321,303,3 266,214,300,233,3 256,207,277,228,3 254,205,280,214,3 237,212,267,226,3 228,229,276,256,3 218,211,242,240,3 215,209,243,224,3 215,255,290,357,3 195,224,238,250,3 172,246,242,282,3 168,220,208,240,3 150,215,182,235,3 145,240,208,266,3 119,281,226,421,3 119,235,175,256,3 97,226,148,256,3 87,267,186,380,3 84,223,121,239,3 83,227,105,244,3 61,254,143,348,3 36,242,105,319,3 22,234,82,299,3 457,219,496,275,0 397,216,434,230,0 334,219,378,234,0 315,239,374,323,0 299,216,336,230,0 265,232,319,303,0 214,257,293,359,0 118,279,232,420,0 90,265,182,381,0 60,251,144,346,0 447,219,485,265,0 394,213,424,238,0 378,223,420,276,0 349,209,377,240,0 335,216,370,268,0 314,237,366,314,0 312,205,339,233,0 298,215,332,262,0 268,229,315,301,0 265,210,291,232,0 241,209,263,245,0 230,223,269,283,0 221,204,241,241,0 200,219,234,252,0 197,250,263,339,0 171,214,202,245,0 170,237,207,280,0 150,211,176,243,0 140,233,172,270,0 119,272,209,403,0 116,223,149,270,0 104,221,130,259,0 85,259,156,366,0 84,219,110,244,0 61,244,109,335,0 41,238,84,309,0 22,201,487,402,0 19,229,59,292,0 385,233,482,371,0
dataver1/images/train/00293b27e60bf7cb.jpg 419,110,469,160,3 333,124,449,275,3 159,109,194,137,3 27,120,68,152,3 283,33,312,194,3
dataver1/images/train/00295689562e67a7.jpg 409,59,522,202,3 115,171,279,263,17 375,341,404,388,17 355,267,398,307,17 314,301,342,355,17
dataver1/images/train/002963e92a1d2742.jpg
dataver1/images/train/0029a9c8dbbd3dc6.jpg
dataver1/images/train/002a0f6de8e747ac.jpg 249,11,637,165,11 173,112,566,372,11
dataver1/images/train/002a1fb97133ae95.jpg
dataver1/images/train/002a264d37889e1d.jpg 130,117,385,226,12
dataver1/images/train/002a41a17f98fa90.jpg
dataver1/images/train/002a83ff684963b0.jpg
dataver1/images/train/002a8796056e1bf5.jpg
dataver1/images/train/002ab35b7cc8de83.jpg 6,49,639,239,9 146,241,489,450,12
dataver1/images/train/002acb2b40914c80.jpg 223,48,617,243,16 340,125,434,246,16 270,125,356,239,16 525,233,554,263,0 96,175,184,250,0 94,219,270,342,0
dataver1/images/train/002b020146637617.jpg
dataver1/images/train/002b14ed6cafe347.jpg 3,296,270,499,0 130,190,150,209,0 2,333,122,421,0
dataver1/images/train/002b63d74a583bc3.jpg 196,91,434,295,11
dataver1/images/train/002ba651da665f7a.jpg
dataver1/images/train/002c05a9d1b74604.jpg 28,567,115,613,0 236,198,333,292,0 2,399,343,618,0
dataver1/images/train/002c2a83d8f752ef.jpg 368,260,432,304,3 317,289,394,328,3 381,347,546,423,3 381,227,411,265,3 345,234,372,296,3
dataver1/images/train/002c40dad7c01284.jpg 60,121,254,335,11
dataver1/images/train/002d1b6fd06ba116.jpg 542,48,639,80,16 536,74,603,128,16
dataver1/images/train/002dcdf28132e497.jpg
dataver1/images/train/002e09fe056ff0a9.jpg
dataver1/images/train/002e64da5344e868.jpg
dataver1/images/train/002eb736a46afc9b.jpg 5,221,123,319,3
dataver1/images/train/002f67cf16a57861.jpg
dataver1/images/train/002f8b95f0c6db97.jpg 275,70,548,316,3 152,77,397,328,3
dataver1/images/train/002fbe5010085186.jpg 34,449,89,477,11 5,95,165,295,11
dataver1/images/train/00305767c1a8b544.jpg 237,391,276,476,13 209,180,239,251,13 107,342,244,433,13 38,351,65,412,13 221,252,253,291,13 211,86,255,134,13
dataver1/images/train/003067568fd02809.jpg 24,30,637,398,5
dataver1/images/train/00309283df2ea826.jpg
dataver1/images/train/00309e424bc82940.jpg 466,165,474,176,8 465,173,480,181,8 455,168,463,181,8 449,179,470,186,8 427,173,437,186,8 424,184,449,194,8 402,179,415,195,8 395,195,420,205,8 375,189,389,208,8 363,207,392,216,8 349,154,360,160,8 342,150,348,158,8 324,201,339,227,8 315,150,324,155,8 308,145,313,154,8 305,223,343,241,8 286,144,295,148,8 280,141,285,148,8 265,141,273,146,8 260,138,265,144,8 247,141,257,144,8 245,136,249,143,8 209,141,217,144,8 206,137,209,143,8 175,170,185,186,8 168,142,176,146,8 163,138,168,146,8 159,139,164,146,8 158,179,175,185,8 156,161,166,176,8 142,154,150,169,8 142,167,157,173,8 137,143,146,147,8 131,139,137,146,8 130,149,135,159,8 128,160,143,165,8 119,155,132,160,8 119,145,125,156,8 111,151,121,157,8 111,141,116,151,8 103,145,112,151,8 229,139,383,207,3 56,146,221,316,3
dataver1/images/train/0030f3488b406294.jpg 456,416,490,474,8
dataver1/images/train/00314cfb0fb39aa4.jpg 249,92,413,286,8 94,93,250,291,8
dataver1/images/train/003151ed0ea64a78.jpg 224,129,499,332,5
dataver1/images/train/003152c5c850ec67.jpg 286,114,325,232,9 11,167,213,333,9 420,81,428,102,9 213,161,259,223,9 212,13,228,41,9 169,102,200,145,9 18,100,70,156,9 194,134,279,184,9 170,86,182,99,9 150,85,202,121,9 144,138,178,174,9 121,276,321,333,9 65,139,102,186,9 415,329,424,333,9 396,60,478,333,9 173,135,292,272,9 158,101,209,181,9 15,96,90,204,9 156,100,210,179,9 14,95,93,202,9 394,60,479,333,9 390,99,430,140,9 172,134,290,273,9 153,100,208,180,9 13,95,90,198,9 412,225,464,330,9 184,13,266,116,9
dataver1/images/train/0031b2d468891bfe.jpg 144,62,307,138,9 134,158,313,227,9
dataver1/images/train/0031bc79c521cb94.jpg 196,199,490,338,3 199,194,489,338,0
dataver1/images/train/0031bff54b02c9c1.jpg 4,57,337,242,9 553,252,639,479,3 12,217,470,479,3 4,58,335,225,16 546,261,639,477,0
dataver1/images/train/003252d71382a0ca.jpg 234,59,430,249,11
dataver1/images/train/0032838b3a1d5d53.jpg 93,233,269,578,1
dataver1/images/train/0032ddc2c9157859.jpg
dataver1/images/train/0033bd289dcf6d23.jpg
dataver1/images/train/00342bcd08105204.jpg 463,151,639,426,9 259,69,436,226,9 190,30,272,127,9 380,89,435,169,9 358,87,382,162,9 353,172,538,426,16 353,172,540,426,16
dataver1/images/train/003464c4bc68d115.jpg
dataver1/images/train/0034b9e05a656c08.jpg 181,58,304,154,8 486,5,635,172,8
dataver1/images/train/0034f46ea01f7241.jpg
dataver1/images/train/00355dd0119cd815.jpg 232,74,400,206,11
dataver1/images/train/0035747f89c50622.jpg 103,120,275,146,3 96,107,236,114,3 384,153,462,271,3 375,121,396,177,3 363,158,425,287,3 342,177,442,333,3 319,131,337,211,3 291,139,340,230,3 283,117,308,148,3 248,143,270,165,3 234,121,283,167,3 227,124,245,164,3 210,127,233,153,3 202,150,253,244,3 185,133,211,176,3 110,118,127,133,3 445,68,480,92,3 420,97,440,118,3 342,90,361,107,3 259,86,275,102,3 182,85,201,98,3 165,84,183,101,3 123,108,162,141,3 110,54,122,69,3 20,94,107,155,3
dataver1/images/train/003597e86268ea7d.jpg 203,262,470,443,14 34,230,218,431,14
dataver1/images/train/0035e0f6a0c29bee.jpg 58,63,618,510,11
dataver1/images/train/0035ea7a3b1ecfab.jpg
dataver1/images/train/003625aa13283040.jpg 590,63,628,166,9 498,56,514,101,9 341,184,364,250,9 337,269,351,295,9 324,257,341,293,9 313,263,335,307,9 311,251,328,272,9 298,288,328,321,9 287,296,309,339,9 143,96,186,198,9 91,101,126,157,9 584,167,620,247,9 567,244,587,285,9 552,212,584,245,9 545,239,570,287,9 544,288,584,348,9 525,290,548,334,9 524,217,548,271,9 521,150,552,210,9 516,273,534,318,9 472,143,498,211,9 434,104,498,127,9 408,404,444,421,9 283,326,385,360,9
dataver1/images/train/00363f7f62eb7db7.jpg 165,237,389,330,0 420,163,474,191,0 403,128,421,138,0 397,141,421,161,0 342,123,362,136,0 298,250,388,304,0 245,137,273,157,0 237,128,247,139,0 207,215,299,269,0 180,154,216,176,0 175,131,193,149,0 107,137,114,152,0 71,153,120,188,0 37,149,77,174,0
dataver1/images/train/003650854be08229.jpg 16,15,484,483,4 274,152,487,368,12 17,160,243,358,12
dataver1/images/train/003662913b80571c.jpg 92,349,179,478,6 17,138,224,346,6 240,44,328,486,6
dataver1/images/train/00368e470a08792c.jpg 100,145,198,398,1
dataver1/images/train/0036a0a3d596e1f8.jpg 108,112,396,364,11
dataver1/images/train/0036ac634345c744.jpg 382,210,432,298,17 324,189,394,284,17 295,171,329,249,17 264,213,300,289,17 153,26,325,108,17
dataver1/images/train/00370d984c2fb779.jpg
dataver1/images/train/00376905f1f081c4.jpg 21,18,476,360,3 58,25,460,357,3 50,16,484,362,3
dataver1/images/train/00378f0670e91c2c.jpg
dataver1/images/train/0037bf9a2bcd571c.jpg 581,189,639,256,3 361,191,428,215,3 351,209,491,352,3 333,123,362,189,3 210,84,266,202,3 120,104,171,222,3 94,222,166,361,3 77,133,124,227,3 19,136,89,232,3
dataver1/images/train/0037e5e51191594f.jpg 134,200,380,357,11
dataver1/images/train/0037f0dbcc6a3a17.jpg 86,336,233,482,0
dataver1/images/train/0038199deace4581.jpg 421,74,476,275,1
dataver1/images/train/00382c1ca4de920a.jpg 168,9,583,327,11 36,86,350,383,11
dataver1/images/train/00382fd5c2e9fd2f.jpg
dataver1/images/train/00383d8a0db75865.jpg 188,137,279,266,14 235,327,257,358,14 296,436,388,626,14 194,329,339,393,14 141,102,319,311,14
dataver1/images/train/00388f0c04cbc3c2.jpg 266,113,474,358,2
dataver1/images/train/00392b8e82340efd.jpg 347,275,362,298,8 339,442,356,488,8 332,273,340,295,8 304,278,323,301,8 293,355,360,393,8 281,250,332,277,8
dataver1/images/train/0039f32a93794e4d.jpg
dataver1/images/train/003a1221981aa26b.jpg 146,59,446,484,11
dataver1/images/train/003a5a5793a085d3.jpg 7,208,57,236,0
dataver1/images/train/003b48a7f3f050b6.jpg 580,204,631,229,9 577,319,616,346,9 572,437,612,454,9 526,200,557,228,9 518,318,562,343,9 516,424,558,454,9 467,324,513,344,9 405,326,448,351,9 404,437,448,455,9 351,430,396,455,9 351,327,395,348,9 300,324,344,348,9 298,441,346,459,9 239,440,279,467,9 231,326,282,350,9 167,326,220,348,9 158,198,201,230,9 114,330,166,352,9 102,204,154,233,9
dataver1/images/train/003b6c49ff228ddd.jpg 8,273,35,424,1
dataver1/images/train/003b73b07cfb6d58.jpg 131,350,374,394,14 134,349,374,499,0 157,270,294,347,0 21,285,125,346,0 37,285,131,359,0
dataver1/images/train/003c6e3318508588.jpg
dataver1/images/train/003ca1df02f3c723.jpg 542,184,582,335,9 518,102,570,317,9 474,118,529,321,9 428,88,492,315,9 374,94,432,303,9 344,108,395,302,9 303,94,354,298,9 286,121,322,288,9 274,2,305,92,9 259,122,293,285,9 246,127,275,285,9 242,117,268,276,9 214,123,248,283,9 193,125,214,276,9 186,129,200,274,9 173,131,190,273,9 165,163,177,271,9 147,160,164,270,9 136,158,156,268,9 122,403,148,449,9 105,160,141,260,9 99,7,217,144,9 94,67,106,146,9 78,76,96,151,9 62,163,122,259,9 58,170,81,253,9 50,9,65,72,9 48,169,69,250,9 38,174,60,248,9 29,191,43,246,9 168,298,197,434,9 432,83,498,297,9
dataver1/images/train/003d2fc05f944928.jpg 378,96,484,247,11
dataver1/images/train/003d474d5dfac6b0.jpg 279,91,321,229,1
dataver1/images/train/003d6b5212e607fe.jpg
dataver1/images/train/003d71ba11186cc7.jpg
dataver1/images/train/003e197b0cdd8277.jpg
dataver1/images/train/003e500c961b1344.jpg 332,57,489,92,0 162,161,350,224,0 125,36,403,274,0
dataver1/images/train/003e660e74c4c471.jpg
dataver1/images/train/003e739bd9052df1.jpg 392,181,483,288,1
dataver1/images/train/003e7e4e4b04df4a.jpg 72,361,200,494,9 170,120,317,499,0
dataver1/images/train/003eae3f991df25f.jpg
dataver1/images/train/003fbde962d8e27a.jpg 247,324,375,435,0
dataver1/images/train/003fde0096630566.jpg 130,92,279,181,12
dataver1/images/train/004016ec8e16a656.jpg
dataver1/images/train/004026e735a7a808.jpg 172,65,364,305,6
dataver1/images/train/00402f72d5418848.jpg
dataver1/images/train/004059695a09dbf8.jpg
dataver1/images/train/00406989c1b1ea85.jpg 20,336,135,468,3
dataver1/images/train/00409ed048b5c44e.jpg 323,171,341,214,0 177,188,300,256,0 309,63,479,241,0 196,5,281,51,0 142,97,332,293,0
dataver1/images/train/00410627490d9d32.jpg 153,299,183,394,1
dataver1/images/train/00411797643d8b96.jpg 334,95,491,275,11 248,93,354,262,11 168,31,286,269,11 14,80,194,291,11
dataver1/images/train/00416e63e9c448ad.jpg 176,132,364,209,9 178,198,304,272,14
dataver1/images/train/0041864a51775c8e.jpg 157,61,406,227,3 80,158,196,291,0
dataver1/images/train/00418b9e122769a3.jpg 57,30,357,499,8
dataver1/images/train/00419eeae705466c.jpg 386,73,415,119,11 346,77,409,126,11 323,78,364,122,11 252,88,291,131,11 235,115,321,323,11 192,79,237,129,11
dataver1/images/train/0041ee1842710a9b.jpg 461,215,491,278,3
dataver1/images/train/00424033a2e368a8.jpg 59,312,262,411,16
dataver1/images/train/0042598e1959e45b.jpg
dataver1/images/train/00428db9c8d9b769.jpg 422,240,492,331,8
dataver1/images/train/004325bcd624246c.jpg 423,263,456,301,9 201,97,361,146,9 200,172,364,223,9 196,19,340,70,9 43,100,198,147,9 43,28,196,67,9 41,171,194,219,9
dataver1/images/train/0043958d9c61c33a.jpg 170,250,215,327,11
dataver1/images/train/0043ee667cb084a7.jpg 278,183,365,224,9 241,155,331,193,9 316,184,365,218,9 244,157,329,182,9 8,288,19,320,9 3,325,13,361,9 277,182,365,222,16 236,154,329,210,16
dataver1/images/train/0044bd9f234a09df.jpg
dataver1/images/train/00452cc11650637f.jpg 262,164,639,477,4 475,281,534,330,4 200,311,270,455,4
dataver1/images/train/00456887ba702f5d.jpg
dataver1/images/train/0045d5bcf65cc0b0.jpg 102,270,298,361,6 91,186,356,360,6 89,335,285,462,6 71,298,174,344,6
dataver1/images/train/0045f8e2afef572d.jpg 172,272,221,432,3
dataver1/images/train/0046082265c2139c.jpg 81,58,370,262,11
dataver1/images/train/0046b41cb4833f46.jpg
dataver1/images/train/0046daaa692b5552.jpg
dataver1/images/train/0047264e06512e75.jpg 243,67,308,123,12 126,47,253,148,12 121,147,222,220,12 85,32,186,118,12 40,266,129,340,12
dataver1/images/train/00478d2ee36ede12.jpg
dataver1/images/train/0047ab61e0adf9a0.jpg
dataver1/images/train/0047fa2c7d9bfd25.jpg 382,495,621,621,3 330,368,401,446,3 217,368,266,433,3 18,318,104,406,3
dataver1/images/train/0048454e1ba7b8ef.jpg
dataver1/images/train/0048e5088d65f04e.jpg 34,96,313,300,11
dataver1/images/train/00492f6b9859447c.jpg 123,190,287,326,3
dataver1/images/train/004988db26d6232b.jpg
dataver1/images/train/0049fef27fa2a149.jpg 44,31,186,269,11
dataver1/images/train/004a23a25aa05c9c.jpg
dataver1/images/train/004a2515b1da09cb.jpg
dataver1/images/train/004a287771cac02c.jpg 334,197,475,413,17 263,45,380,201,17 183,196,316,412,17 115,40,224,209,17 13,197,157,416,17
dataver1/images/train/004a39badfc14cb4.jpg 330,222,411,430,1 203,174,427,430,1
dataver1/images/train/004a41a2e92e241f.jpg 303,88,357,141,9 301,180,358,220,9 297,209,358,262,9 295,27,362,90,9 294,138,362,186,9 246,186,304,230,9 243,220,308,270,9 239,89,298,142,9 238,141,302,194,9 233,31,294,99,9 133,110,242,196,9 122,26,240,81,9 119,77,242,118,9 305,314,524,470,9 115,16,357,325,9 231,23,361,268,16 237,20,356,334,16 112,16,256,340,16 303,218,346,250,16 141,128,210,186,16 110,9,372,339,9
dataver1/images/train/004a941da2b47e0a.jpg
dataver1/images/train/004aaf7fe2a9ae68.jpg 135,192,273,306,12
dataver1/images/train/004b4401a0017541.jpg
dataver1/images/train/004b51d3a94b5b48.jpg 135,146,257,203,11
dataver1/images/train/004b6bf1ef1414b6.jpg 1,1,589,456,12
dataver1/images/train/004b8c528ce16be4.jpg 255,91,506,339,11
dataver1/images/train/004b8cc59eaa3bbc.jpg
dataver1/images/train/004be574a68a9fe3.jpg 285,161,320,302,4
dataver1/images/train/004c4ae05a363ccf.jpg 296,135,417,340,11
dataver1/images/train/004c6309c4e37aeb.jpg 46,128,469,459,1
dataver1/images/train/004cc0f65dc3358f.jpg 113,14,420,332,6
dataver1/images/train/004ce50f69670df8.jpg 334,65,362,265,1 153,66,200,262,1 328,114,390,267,1 306,115,339,248,1 217,119,262,246,1 205,116,240,190,1 161,115,223,190,1 120,117,164,258,1 86,117,132,266,1
dataver1/images/train/004cff696cdad62d.jpg 141,14,388,361,11
dataver1/images/train/004d4f439ec660fc.jpg 281,95,330,249,9 35,42,132,267,9 282,91,349,258,16 34,42,128,264,16
dataver1/images/train/004d9a6bb834b10a.jpg 12,86,328,482,11
dataver1/images/train/004dc377b4514df8.jpg
dataver1/images/train/004e43243709ea00.jpg 351,179,422,283,11 274,202,309,272,11 96,202,133,272,11
dataver1/images/train/004e5b1e27ae550e.jpg 121,403,177,626,9
dataver1/images/train/004e68960945d82d.jpg 350,214,485,262,8 286,203,379,253,8 245,116,315,222,8 154,200,297,240,8 177,200,229,214,8 240,134,296,221,8 75,14,194,204,8
dataver1/images/train/004e7fcdd69e931a.jpg
dataver1/images/train/004eb1fb1f76355b.jpg
dataver1/images/train/004ed3c1fb86a3dc.jpg 468,217,620,478,9 468,222,627,462,16 110,220,142,264,16
dataver1/images/train/004f1ec7d27bb12d.jpg 222,237,316,323,17 215,79,321,167,17 203,159,348,281,17
dataver1/images/train/004f7aac33f4f2f6.jpg 339,158,442,295,3 431,107,495,159,3 356,105,426,170,3 232,102,323,187,3 42,99,175,210,3
dataver1/images/train/0050f1943a5a1a89.jpg
dataver1/images/train/0050fdf7f27b2fd3.jpg 205,30,598,395,5
dataver1/images/train/0051239538fc4031.jpg
dataver1/images/train/00515e0f9f9eb2d7.jpg
dataver1/images/train/00518a55b3556ea5.jpg
dataver1/images/train/0051a9141ed6c030.jpg 1,165,639,345,9
dataver1/images/train/005220abf30b472f.jpg 239,63,308,85,3 47,36,118,109,3 45,51,465,243,5 473,130,550,275,5 152,146,222,236,5 416,301,463,348,5 404,312,416,322,5 400,311,420,343,5 371,316,390,331,5 367,24,420,71,5 360,330,398,355,5 351,344,378,366,5 319,251,333,262,5 300,340,340,421,5 288,250,316,280,5 278,326,302,358,5 270,340,290,365,5 268,332,283,341,5 264,358,282,373,5 251,336,272,359,5 248,288,330,328,5 248,295,259,305,5 204,330,259,375,5 190,280,226,301,5 184,281,231,328,5 182,332,216,350,5 158,284,170,298,5 146,187,178,233,5 122,341,205,395,5 118,272,168,307,5 116,383,144,407,5 109,219,128,237,5 90,178,118,202,5 47,350,115,395,5 42,393,53,401,5
dataver1/images/train/00526a4f94a0e020.jpg 288,131,394,207,3 199,156,311,251,3 40,142,215,202,3
dataver1/images/train/0052d33d3eb00604.jpg 113,214,486,319,3
dataver1/images/train/0053ca1211f0e2e4.jpg 147,227,307,317,11
dataver1/images/train/0053d29a7c0a2938.jpg
dataver1/images/train/0053d6e88f36b7b3.jpg
dataver1/images/train/0054a92d47ceb8dd.jpg 206,104,352,238,3 38,102,192,247,3 262,76,346,207,3 93,88,178,209,3
dataver1/images/train/0054ce96bd9ad943.jpg
dataver1/images/train/005504c7796ae1fe.jpg 100,39,356,412,11
dataver1/images/train/005618f36de854ce.jpg 172,54,347,169,12 23,170,396,440,12
dataver1/images/train/005641dacefbffc0.jpg
dataver1/images/train/00567d75eb0aef12.jpg 117,128,443,407,3 491,184,638,423,0 411,118,625,395,0 94,122,209,384,0 66,88,208,301,0
dataver1/images/train/005698af056c9567.jpg 250,49,325,189,9 80,209,205,303,9 51,27,280,114,9 237,51,331,191,9 47,37,278,110,9 55,186,289,332,3 110,132,139,193,3 63,188,289,332,0 252,51,329,189,0 56,208,207,300,0 54,29,279,101,0 426,173,456,314,0 205,137,303,315,0
dataver1/images/train/0056a237a203c83c.jpg 38,17,523,432,11
dataver1/images/train/0056a3b074480530.jpg
dataver1/images/train/00570cd7f528edca.jpg 46,104,422,410,0
dataver1/images/train/00576f35d4bb3d62.jpg
dataver1/images/train/0057ab1c0a3e8a8f.jpg
dataver1/images/train/0058130f1215717d.jpg 44,32,595,606,12
dataver1/images/train/00582a2c41808125.jpg 121,202,343,270,0 51,8,399,355,0 46,152,139,311,0 44,157,129,311,0
dataver1/images/train/005875ddc6af31f4.jpg 33,145,423,578,11
dataver1/images/train/0058dbfcd986dbfe.jpg 364,91,474,360,6 44,214,99,359,6 363,78,473,358,6 46,220,96,367,6
dataver1/images/train/0058e1c18d918941.jpg 307,164,324,262,9
dataver1/images/train/00590698e36371be.jpg 19,118,243,294,12
dataver1/images/train/0059518a5b4469fa.jpg 85,159,247,400,9 76,167,120,300,9 46,169,87,270,9 80,143,248,401,16 43,162,92,266,16 406,250,464,302,17 342,262,386,301,17 310,255,343,293,17 302,261,321,291,17
dataver1/images/train/005970d29c7a4adb.jpg 140,44,394,407,11
dataver1/images/train/0059a39592e33682.jpg 250,250,382,318,9 147,91,375,157,9
dataver1/images/train/0059a8de9a1a7c52.jpg 437,245,565,431,11 10,137,272,620,11
dataver1/images/train/005b37d87e37ae78.jpg
dataver1/images/train/005b6e54bee055d4.jpg 329,239,369,274,9 537,234,555,273,9 489,242,503,272,9 431,319,454,362,9 254,46,546,142,9 544,349,561,363,9 484,338,509,365,9 477,236,489,273,9 448,238,471,272,9 438,342,456,364,9 413,335,439,366,9 412,292,448,322,9 348,226,358,240,9 327,312,377,354,9 319,225,331,272,9 286,354,305,370,9 274,307,304,351,9 158,197,176,226,9 141,121,188,181,9 140,198,158,225,9 92,185,120,226,9 62,148,114,225,9 14,147,39,227,9
dataver1/images/train/005bf2ed1ceb9568.jpg
dataver1/images/train/005bf84ac699ba71.jpg
dataver1/images/train/005c0886dd73c30e.jpg
dataver1/images/train/005c305f1a0cacac.jpg 160,198,227,347,9
dataver1/images/train/005c372dffca7998.jpg
dataver1/images/train/005c60e8a0c6465c.jpg 136,73,573,384,11
dataver1/images/train/005ca3e381fb1721.jpg 337,169,485,177,14
dataver1/images/train/005cc1a30d8029f9.jpg
dataver1/images/train/005cca364c5f3ca4.jpg 272,263,412,365,0
dataver1/images/train/005cec8833088afb.jpg 326,116,574,315,9 521,166,553,193,9 518,237,568,269,9 518,128,548,153,9 518,129,532,158,9 514,202,542,230,9 514,276,533,300,9 470,205,513,229,9 464,123,490,158,9 464,265,488,299,9 463,165,492,195,9 430,129,448,158,9 422,197,447,226,9 418,231,459,262,9 418,123,446,158,9 416,164,464,194,9 373,229,402,255,9 372,193,413,226,9 372,130,410,161,9 371,129,392,156,9 338,231,375,254,9 336,167,362,191,9 332,195,367,222,9 329,135,340,160,9 328,130,353,159,9 327,111,576,310,16 326,121,410,264,9 22,275,153,424,9
dataver1/images/train/005d4a1ec6d9af26.jpg 99,44,395,473,11
dataver1/images/train/005d84edc1ceb560.jpg
dataver1/images/train/005e1e38ce277f78.jpg 222,184,246,213,11
dataver1/images/train/005e5f3a11c71679.jpg 416,170,488,303,3 264,183,377,260,3 236,195,384,382,3 40,194,179,314,3 9,21,599,390,3
dataver1/images/train/005e6e7428da1db1.jpg
dataver1/images/train/005e7f4f5878c8ea.jpg
dataver1/images/train/005ed5b7bcb1207f.jpg
dataver1/images/train/005f385bb1c20a1d.jpg 62,257,116,355,11 413,258,460,289,11 353,266,377,295,11 266,258,297,287,11 141,290,189,314,11 112,305,163,332,11 401,175,465,290,11 340,165,374,299,11 268,174,314,287,11 232,172,258,263,11 164,173,211,266,11 69,175,187,329,11
dataver1/images/train/005f449bb4cfb8ff.jpg 107,114,402,373,12
dataver1/images/train/005f4899fd5be1ef.jpg 64,255,541,553,12
dataver1/images/train/005f808223ab5769.jpg
dataver1/images/train/005f880c2c4577b3.jpg 229,191,514,277,4 283,213,343,253,12
dataver1/images/train/005fa4a45c75b075.jpg 552,251,598,319,11 91,169,522,371,11 431,169,526,341,11
dataver1/images/train/00601504569e3c65.jpg
dataver1/images/train/0060697dc3c9edc6.jpg 326,37,573,344,12 102,125,273,210,12
dataver1/images/train/0060a27761b0fd63.jpg 500,64,523,190,1 369,13,486,176,2
dataver1/images/train/0060b2fad4ef55d1.jpg 93,75,466,438,11
dataver1/images/train/00611c5be2ecb69b.jpg 37,203,400,572,12
dataver1/images/train/00614840c3e3896c.jpg 157,219,230,327,11
dataver1/images/train/00616b368bd46090.jpg
dataver1/images/train/0061bb1f8eaff7e7.jpg 69,190,236,465,1 38,79,263,180,1
dataver1/images/train/00620ae31d5cf6ee.jpg 590,226,639,273,9 589,253,638,304,9 583,181,638,347,9 454,200,580,345,9 152,123,414,158,9 460,155,492,212,9 458,198,591,334,3 7,318,177,430,3 230,208,331,328,3 405,177,467,327,16 150,134,418,354,16 411,161,472,337,9 454,24,570,101,9 568,181,636,351,16
dataver1/images/train/006227787760bf19.jpg 350,115,490,216,2
dataver1/images/train/006268a442c32992.jpg 217,433,266,464,9 225,445,267,482,9
dataver1/images/train/00627b414a83375e.jpg
dataver1/images/train/00627b61111a8412.jpg 264,91,376,248,9 156,198,460,424,16
dataver1/images/train/006288e44381e6d0.jpg 72,261,223,317,9 483,322,490,343,9 468,287,526,375,9 74,262,218,312,9 18,238,45,287,9 268,311,368,378,9 229,279,290,351,9 196,275,237,332,9 272,306,308,356,9 466,294,540,389,9 466,295,540,394,16 270,312,393,379,0 344,318,384,388,0
dataver1/images/train/006306e1d7e4399b.jpg 338,132,461,275,11
dataver1/images/train/00630c9c23991286.jpg 99,14,418,468,11
dataver1/images/train/00634c7f6bbe7574.jpg 479,179,589,284,11 390,167,478,284,11 67,233,168,285,11
dataver1/images/train/006379cca3d0474c.jpg
dataver1/images/train/00638a4c6c0d8b94.jpg 305,49,435,259,9 308,49,435,280,10 305,49,434,279,10 308,47,434,274,10
dataver1/images/train/0063c9888900f76f.jpg 440,159,469,256,16 383,69,450,269,16 267,47,393,302,16
dataver1/images/train/0063dd98ce4d4596.jpg 4,33,488,341,11
dataver1/images/train/006461a46fcb5f37.jpg 30,96,369,249,12
dataver1/images/train/006487b7dbf9fc7a.jpg 484,191,528,229,11 446,19,614,320,11 401,196,446,222,11 161,120,285,340,11 127,83,194,242,11
dataver1/images/train/0064cdb508a53429.jpg
dataver1/images/train/0064f2cc82e6f0c3.jpg
dataver1/images/train/0065be62d4066581.jpg 50,96,564,414,11
dataver1/images/train/006635d01cd01646.jpg 196,107,305,237,11
dataver1/images/train/00665139dd67ee4d.jpg 386,213,467,261,4 308,216,388,267,4 275,256,302,295,4
dataver1/images/train/0066646824807f53.jpg
dataver1/images/train/0066ab1ab47e1068.jpg 131,14,366,335,12
dataver1/images/train/006756952a6ba5b5.jpg 494,43,562,127,14
dataver1/images/train/00683f2eaac29258.jpg 152,98,214,155,9
dataver1/images/train/0068fa168a05500a.jpg
dataver1/images/train/006924daa78d3e63.jpg 267,164,357,309,1 187,158,349,305,1
dataver1/images/train/006960e08606a137.jpg 560,237,639,252,3 386,255,558,282,3 53,252,146,306,3
dataver1/images/train/0069b1a3a4c53343.jpg 252,358,343,468,11 155,462,190,495,11 115,172,192,208,11 12,238,115,290,11 7,361,33,389,11 225,110,353,254,11
dataver1/images/train/0069cfa2d7a619e0.jpg
dataver1/images/train/0069e114bc08d71a.jpg 244,142,419,393,11
dataver1/images/train/006a55437e658634.jpg
dataver1/images/train/006ace9d77bec33b.jpg
dataver1/images/train/006ae3c854e88746.jpg 4,5,100,132,9 111,39,332,198,9
dataver1/images/train/006b27554ee38194.jpg 11,150,208,361,11
dataver1/images/train/006b53fff1573500.jpg
dataver1/images/train/006c9ccbb2e0a6b7.jpg 161,339,372,373,1
dataver1/images/train/006caf3ab4d3fd5d.jpg 204,159,381,320,11
dataver1/images/train/006ce59c4a4737ec.jpg 143,164,416,312,17
dataver1/images/train/006d8479bd6a2639.jpg 418,114,453,245,1 377,113,420,245,1
dataver1/images/train/006da80767156d25.jpg
dataver1/images/train/006dafd757d81395.jpg
dataver1/images/train/006dc7a29daff4f2.jpg 389,219,452,277,2
dataver1/images/train/006e3933b0f6fe99.jpg
dataver1/images/train/006e4a3026035451.jpg
dataver1/images/train/006e624896978f3f.jpg
dataver1/images/train/006e8052b7a5f1e2.jpg 339,174,371,194,5 242,187,275,208,5 343,140,364,154,5 318,155,334,166,5 277,163,296,180,5 240,155,263,166,5
dataver1/images/train/006f01cf218054be.jpg 334,69,435,223,3 138,137,431,288,12
dataver1/images/train/006f475cab1d9b8a.jpg 65,205,232,347,11 15,180,181,336,11
dataver1/images/train/006f4cd9e0726d3a.jpg 382,210,468,317,9 296,224,387,315,9 265,197,302,318,9 268,200,462,316,16 477,244,618,355,0 252,212,473,322,0
dataver1/images/train/006fc9bf8cc5bb72.jpg
dataver1/images/train/007047276a2e9be1.jpg 184,32,483,390,11
dataver1/images/train/0070af0409677211.jpg
dataver1/images/train/0070c0a46d21b21c.jpg
dataver1/images/train/007117f88c62282e.jpg 281,29,427,456,11
dataver1/images/train/00711a2c1d8a60c8.jpg 160,161,453,280,11
dataver1/images/train/007146300a0199b0.jpg
dataver1/images/train/00714713b6efe93e.jpg 18,62,262,301,9 246,209,556,415,5 243,205,554,415,5 66,219,164,333,5
dataver1/images/train/00717b5daeb42408.jpg 255,303,330,351,8 236,313,354,360,8 201,121,241,158,8
dataver1/images/train/00717cbab483b655.jpg
dataver1/images/train/0071d8225ed60c8a.jpg
dataver1/images/train/0071dc035a60427e.jpg
dataver1/images/train/007257a1717edac7.jpg
dataver1/images/train/00729a81d03ae3cc.jpg
dataver1/images/train/00729cbff3e95243.jpg 254,51,588,355,12 109,97,272,292,12
dataver1/images/train/0072ffcb6e5e4c3d.jpg 54,104,285,209,12
dataver1/images/train/0073232615f20d8d.jpg 203,76,387,333,11
dataver1/images/train/007326de8719cca7.jpg
dataver1/images/train/007427672a3d5264.jpg 290,238,347,333,15 144,247,175,321,15 99,253,142,353,15
dataver1/images/train/00757b54b775bb08.jpg 153,37,215,126,9 107,44,146,193,9 131,385,216,422,9
dataver1/images/train/00759fae3fd803f1.jpg
dataver1/images/train/0075a161cb4c8681.jpg 47,265,157,409,3 10,297,159,413,3
dataver1/images/train/0075dbddf4ec1bae.jpg 413,145,438,194,11 289,193,380,278,11
dataver1/images/train/0075f60f50ba3a79.jpg 258,120,528,270,11
dataver1/images/train/00762d9b81dbb71c.jpg
dataver1/images/train/00764dfa5ceb7653.jpg
dataver1/images/train/00766a14a87a601b.jpg 171,334,309,452,2
dataver1/images/train/007680eda1529541.jpg 96,91,150,247,1
dataver1/images/train/0076f6b7192586ac.jpg
dataver1/images/train/00781ca1a6634c2d.jpg
dataver1/images/train/007821b7c578c94a.jpg 276,221,324,396,15 205,213,276,387,15
dataver1/images/train/00783d9b1070dbe2.jpg 252,73,353,108,8 149,218,187,275,8
dataver1/images/train/00785bd8accf7c05.jpg 77,165,389,596,11
dataver1/images/train/007888e6fd6d36cf.jpg 201,267,311,399,17 198,138,314,242,17 45,136,140,229,17 26,116,315,410,17
dataver1/images/train/0078ef2ef23cbc02.jpg
dataver1/images/train/00795827e7b1c338.jpg 123,72,387,585,1
dataver1/images/train/0079b0814c745354.jpg
dataver1/images/train/0079f3c74309b582.jpg 202,70,336,214,12 55,8,243,322,12
dataver1/images/train/007a3c84962984f8.jpg 313,47,416,97,16 300,70,452,188,16 185,21,333,165,16
dataver1/images/train/007a4e97abc192b9.jpg
dataver1/images/train/007a533cc27fe5a5.jpg
dataver1/images/train/007ab59b9606a05e.jpg 142,80,406,388,11
dataver1/images/train/007adedc7e7e35c0.jpg
dataver1/images/train/007c20dc3613b6ba.jpg 561,343,601,418,8 545,356,583,419,8 534,298,560,309,8 497,308,541,321,8 490,266,526,321,8 467,287,498,305,8 458,300,510,312,8 448,229,468,274,8 412,222,436,260,8 409,261,434,307,8 405,311,482,320,8 376,306,400,315,8 366,295,396,307,8 326,227,349,253,8 309,199,327,226,8 286,234,310,257,8
dataver1/images/train/007c89e8419e4186.jpg 163,160,358,331,3
dataver1/images/train/007d5881c8348044.jpg 257,111,365,205,14
dataver1/images/train/007d708b57b17c06.jpg 130,75,350,276,6
dataver1/images/train/007d9ec191c44dfb.jpg
dataver1/images/train/007e27e3b0ab0ec8.jpg 166,169,590,415,11
dataver1/images/train/007e4c3cd3485105.jpg 151,35,332,278,11
dataver1/images/train/007ea88a522b6ff7.jpg
dataver1/images/train/007eddaa9f8a7af6.jpg
dataver1/images/train/007f3f0b36751fbe.jpg 341,153,389,226,14 296,155,514,324,14
dataver1/images/train/007f5b52b3528e7c.jpg 250,153,440,267,11 47,150,160,230,11
dataver1/images/train/007f97c18d03cf0d.jpg 143,75,434,252,12
dataver1/images/train/007f9ffc01c7b106.jpg 53,75,424,299,12
dataver1/images/train/007fc3156017582a.jpg 78,324,251,473,9 6,14,157,363,9
dataver1/images/train/0080979afb88dcbe.jpg
dataver1/images/train/0080a7dfda1e078f.jpg 115,114,342,257,12
dataver1/images/train/008115f294067eb9.jpg
dataver1/images/train/00814316dbbc3605.jpg 362,179,570,316,11 55,128,324,253,11 57,128,336,366,11
dataver1/images/train/00815feff15b53e0.jpg 570,39,633,275,1 409,45,496,261,1 308,45,394,265,1 214,45,308,261,1 111,43,202,261,1 5,35,32,285,1
dataver1/images/train/00818d48bbc54a0b.jpg
dataver1/images/train/0082b8be1dd4e7a0.jpg 296,312,306,522,1 158,307,244,540,1
dataver1/images/train/0082d0376d89dc79.jpg 254,66,407,175,16
dataver1/images/train/0082eeb5795471a4.jpg
dataver1/images/train/0083236af2eb8c09.jpg 54,191,224,404,11
dataver1/images/train/00834a3d8dcd1608.jpg
dataver1/images/train/0083aea4f28746c4.jpg 172,72,252,182,6
dataver1/images/train/0083b4c6538e3805.jpg 260,227,315,288,1
dataver1/images/train/0083c6f2f5452435.jpg 221,156,456,314,11 186,57,425,226,11 23,55,245,190,11
dataver1/images/train/0083c840afc0c28d.jpg
dataver1/images/train/0083d02f6ad18b38.jpg 172,69,390,287,12
dataver1/images/train/0083d52fa90fa900.jpg
dataver1/images/train/00844836a200cc62.jpg
dataver1/images/train/008491850ee94f17.jpg 119,114,295,339,17
dataver1/images/train/00852cdc38022497.jpg
dataver1/images/train/0085696f16a29598.jpg 47,62,496,307,11
dataver1/images/train/008622feebd14de7.jpg
dataver1/images/train/00864ee1b3d16b4c.jpg
dataver1/images/train/008671b11cf951d6.jpg 135,404,247,490,11 175,173,306,316,11 114,147,203,325,11 57,157,139,302,11
dataver1/images/train/00869e1effd6a1b3.jpg 330,228,380,298,16
dataver1/images/train/0086c9347f732edf.jpg 417,252,438,281,8 416,285,464,303,8 410,220,429,246,8 405,228,418,264,8 392,263,418,292,8 392,349,420,359,8 389,228,409,263,8 388,263,407,296,8 369,270,392,293,8 367,248,385,279,8 365,332,401,373,8 360,219,380,245,8 351,157,475,233,8 328,219,365,238,8 319,240,370,310,8 311,269,319,298,8 297,320,323,359,8 291,265,317,284,8 286,257,330,280,8
dataver1/images/train/0086dd2cdf4248cf.jpg 5,160,294,344,10
dataver1/images/train/0086f0c90965990c.jpg
dataver1/images/train/00878d1c9e01224e.jpg 405,351,437,364,8 332,361,433,410,8 312,301,354,382,8 281,279,316,344,8 255,361,284,399,8 255,296,278,335,8 216,295,236,330,8 315,301,354,388,8 286,309,312,338,8
dataver1/images/train/0087f4d6f981d4b7.jpg 144,200,345,532,12
dataver1/images/train/00882585695707ee.jpg 217,210,366,348,3
dataver1/images/train/00885fa32942a5e9.jpg 18,32,608,472,12
dataver1/images/train/00886497b4fe29e5.jpg 101,25,321,363,17
dataver1/images/train/008882211cbff4a7.jpg
dataver1/images/train/0088d882e061e5d6.jpg
dataver1/images/train/0088e878a0c6966e.jpg
dataver1/images/train/008969c238c6917e.jpg 38,47,458,327,17
dataver1/images/train/00898c0ba6a5b405.jpg
dataver1/images/train/0089b0863da21af6.jpg 324,209,336,259,9 265,302,481,381,9 264,219,499,279,9 104,99,154,151,9 83,265,246,349,9 61,191,236,281,9
dataver1/images/train/008a3788f531b8b7.jpg 34,120,435,465,11
dataver1/images/train/008a654854247e78.jpg 300,152,457,237,3 34,176,320,333,3 11,139,142,201,3 561,198,623,254,3 506,245,605,361,3 406,174,457,212,3 350,185,414,229,3 350,174,404,230,3 303,175,354,241,3 87,152,128,195,3 58,205,310,337,3 58,156,98,204,3 58,150,96,202,3 21,152,59,197,3
dataver1/images/train/008b3c3e426aca3e.jpg 119,131,229,241,16 25,131,136,273,16
dataver1/images/train/008b5845b8d7eea5.jpg 408,161,426,172,11 408,162,429,195,11 389,159,429,199,11 333,155,377,186,11 328,161,364,189,11 278,152,315,181,11 263,158,297,182,11 218,158,237,179,11 213,148,245,177,11 204,153,225,175,11 164,146,190,171,11 160,141,193,173,11 114,135,142,167,11 112,143,138,167,11 36,75,73,84,11
dataver1/images/train/008b6788aa0ef238.jpg
dataver1/images/train/008b726d2abe8a3c.jpg
dataver1/images/train/008b8556a73601ae.jpg 100,47,398,396,12
dataver1/images/train/008ba6577fa4032b.jpg
dataver1/images/train/008bba5da0c964ec.jpg
dataver1/images/train/008c656d32551720.jpg 318,84,630,421,11
dataver1/images/train/008c73340f29430f.jpg
dataver1/images/train/008d6a14dbda239e.jpg
dataver1/images/train/008e067888e373a8.jpg
dataver1/images/train/008e31f109e2c872.jpg
dataver1/images/train/008e3f5bd68e04f2.jpg 163,69,539,404,11
dataver1/images/train/008e84769985e56c.jpg 81,111,124,173,3 41,217,108,320,3
dataver1/images/train/008ed63d064676f1.jpg 92,135,340,308,17
dataver1/images/train/008ef9158b3948a4.jpg
dataver1/images/train/008ef9fd34923181.jpg 255,172,380,436,11
dataver1/images/train/008f022adddb6bea.jpg 402,86,506,310,6 182,145,292,351,6
dataver1/images/train/008f4d4f3d20996b.jpg 124,97,290,259,11
dataver1/images/train/008f75075420684f.jpg 247,164,499,283,17
dataver1/images/train/008f94a81fa356cf.jpg 456,173,477,215,9 420,181,459,291,9 388,183,421,290,9 348,182,389,292,9 345,176,436,204,9 312,169,346,289,9 286,172,313,212,9 108,186,142,287,9 98,191,117,215,9 57,188,89,286,9 46,191,67,218,9 1,186,38,286,9
dataver1/images/train/008fc733e99562cb.jpg 20,124,448,284,11
dataver1/images/train/008fda9e59dbeeed.jpg 124,77,460,367,12
dataver1/images/train/008fe43bf697a0c0.jpg
dataver1/images/train/008fe5597d6ac233.jpg 32,41,542,473,14 16,2,568,475,14
dataver1/images/train/00901af5e62bc7ae.jpg
dataver1/images/train/00903eebede2fcb5.jpg 103,247,386,316,11 26,250,75,305,11 282,159,432,308,11
dataver1/images/train/00908c00168974fd.jpg
dataver1/images/train/0090e67dc4ba1b2c.jpg 56,42,487,479,11
dataver1/images/train/0090ec8168309e03.jpg 119,57,222,305,1 33,48,47,333,1
dataver1/images/train/00915dbaa395904c.jpg 294,32,340,541,1 201,276,306,399,1
dataver1/images/train/0091bd79dea1280b.jpg 15,76,359,312,12
dataver1/images/train/0091be73d288afdb.jpg
dataver1/images/train/0091effcc06f827b.jpg 322,13,365,329,9 248,178,302,236,9 245,112,301,162,9 245,32,302,89,9 107,245,159,281,9 106,187,156,226,9 101,127,154,160,9 101,62,152,101,9 10,223,49,262,9 9,120,45,160,9 5,67,45,106,9
dataver1/images/train/009297f8736202bb.jpg 472,283,619,415,5
dataver1/images/train/0092a3d573ca4cd3.jpg 291,195,442,381,11
dataver1/images/train/009337e44f904c88.jpg
dataver1/images/train/00934904547ee267.jpg 194,10,471,367,11
dataver1/images/train/0093540d64befe27.jpg
dataver1/images/train/00935ed85cd4ec8a.jpg
dataver1/images/train/0093bc3677da6245.jpg
dataver1/images/train/0093c927d5a14617.jpg 204,2,338,364,9
dataver1/images/train/0093d590de678899.jpg 39,41,457,395,12
dataver1/images/train/00942c0ccd441863.jpg 197,35,318,374,6
dataver1/images/train/009455e98ad4ea0d.jpg
dataver1/images/train/00947b0e14125f44.jpg
dataver1/images/train/009486489140eea2.jpg
dataver1/images/train/0094d2cb053e4506.jpg 170,319,326,405,11
dataver1/images/train/0094eb82b9f7c5b3.jpg 94,190,207,426,1
dataver1/images/train/0094fd731425af44.jpg 154,219,340,304,4
dataver1/images/train/009532e2358937b9.jpg 118,258,356,476,0
dataver1/images/train/00953d1a685de205.jpg
dataver1/images/train/00957482003e4198.jpg 182,145,544,460,11
dataver1/images/train/0095a7a9dad3cf34.jpg 96,10,581,443,12 91,8,583,449,12
dataver1/images/train/0095ad707510a828.jpg 181,115,504,305,11
dataver1/images/train/009630c7bbf98806.jpg 479,162,612,274,2 439,196,480,238,2 353,145,394,251,2 351,261,403,286,2
dataver1/images/train/00963ebe1f3676ac.jpg 263,27,370,120,11 192,114,421,233,11 153,343,462,590,11 156,341,464,595,11 135,197,453,403,11 255,17,384,123,11 193,114,422,226,11 154,343,464,594,11 131,194,456,399,11
dataver1/images/train/009685dd60cb5a98.jpg
dataver1/images/train/00969ecdaa82a3c2.jpg
dataver1/images/train/009719005789f719.jpg 99,147,300,382,11
dataver1/images/train/00975d102fff06d1.jpg 258,126,418,298,11 115,74,240,270,11
dataver1/images/train/009768b93c31d499.jpg
dataver1/images/train/0097a2e24789bc7a.jpg 113,111,364,574,11
dataver1/images/train/0097afded04ea654.jpg
dataver1/images/train/0098207b31dfac6c.jpg 248,114,391,363,1
dataver1/images/train/00986260203813ff.jpg
dataver1/images/train/009878a53ae6af65.jpg
dataver1/images/train/00995eb67d2ee4b7.jpg 297,353,590,590,11
dataver1/images/train/009a8a93ff33934a.jpg 76,52,349,354,17
dataver1/images/train/009a90905ddcd7c7.jpg 135,25,309,321,11 171,96,312,236,11
dataver1/images/train/009ac634a8168d84.jpg 445,120,473,134,17 443,96,480,118,17 21,59,410,360,0
dataver1/images/train/009acc30690c139b.jpg
dataver1/images/train/009b10ebcb3b20c8.jpg
dataver1/images/train/009b3e5295a86664.jpg 155,334,181,369,8 56,345,167,361,8 104,339,157,372,8 228,293,283,374,8
dataver1/images/train/009b71cc4fd38230.jpg 66,139,461,437,11
dataver1/images/train/009bbbb462ec9577.jpg 455,215,557,394,11 422,257,479,315,11 183,247,236,308,11 181,219,299,401,11
dataver1/images/train/009be6f37929b268.jpg 143,194,494,426,11 19,90,582,476,11
dataver1/images/train/009bf86a88a0b349.jpg 42,324,207,423,0
dataver1/images/train/009c0c51f17e19c1.jpg
dataver1/images/train/009c327b30052731.jpg 66,238,94,252,0 181,189,262,239,0 52,173,138,262,0
dataver1/images/train/009c5979794f4a2f.jpg
dataver1/images/train/009c9cc9b5fc1ba2.jpg 425,166,486,296,1 348,172,364,303,1 161,176,178,296,1
dataver1/images/train/009d06fb7ccbbfb1.jpg
dataver1/images/train/009d1a20cd77f32d.jpg 137,79,326,299,17
dataver1/images/train/009d5f276bbcc897.jpg 411,172,474,253,11 385,295,440,363,11 261,264,302,307,11 219,260,261,299,11 95,228,150,275,11
dataver1/images/train/009d8db42f54a8d0.jpg 545,40,572,66,3 390,72,528,118,3 167,228,482,434,3 382,1,556,138,3
dataver1/images/train/009db8913bdb108b.jpg
dataver1/images/train/009dd367e4907cc3.jpg 60,86,369,424,3 45,77,107,142,3
dataver1/images/train/009eebcdf1a0f58f.jpg 78,38,374,610,11
dataver1/images/train/00a0716827e4e9d5.jpg 154,478,320,548,0
dataver1/images/train/00a076964e23b643.jpg
dataver1/images/train/00a096ef77b91be2.jpg 49,40,295,584,1
dataver1/images/train/00a0d3dd55874165.jpg 466,63,485,185,2
dataver1/images/train/00a0e7c2234882ee.jpg
dataver1/images/train/00a13e68e9db035c.jpg 558,98,617,284,1 118,153,173,316,1
dataver1/images/train/00a1ab47b5439e8c.jpg 426,211,568,298,11
dataver1/images/train/00a1d26dd31a6dda.jpg 8,285,96,378,3 188,314,413,419,3
dataver1/images/train/00a1e4370005ee7b.jpg
dataver1/images/train/00a1e7b192ca063f.jpg 69,88,544,548,12
dataver1/images/train/00a2044ddb01de44.jpg 109,118,313,563,1
dataver1/images/train/00a21b2733e3c043.jpg
dataver1/images/train/00a236f03354bd01.jpg 111,131,228,377,12 64,207,294,453,12
dataver1/images/train/00a25bf311ed49fc.jpg 62,18,631,516,11 294,5,611,208,11
dataver1/images/train/00a2f363f2028056.jpg 48,214,263,448,12 4,104,135,197,12
dataver1/images/train/00a3ba6b80ddd875.jpg 145,103,274,256,11 381,271,403,286,11 254,96,274,123,11 207,89,237,113,11 255,94,272,123,3 209,88,236,112,3 13,11,157,212,3
dataver1/images/train/00a411d3a89a8c59.jpg 234,91,334,334,11 106,86,248,347,11
dataver1/images/train/00a44192c71511e6.jpg
dataver1/images/train/00a4e010d37dadcd.jpg
dataver1/images/train/00a53484c2494335.jpg 83,103,150,197,16
dataver1/images/train/00a58737a7ff7b22.jpg 276,163,447,337,12
dataver1/images/train/00a5c33c3340d3fc.jpg
dataver1/images/train/00a5d3781031c11b.jpg
dataver1/images/train/00a6039e0bfeea9a.jpg 84,112,524,405,11
dataver1/images/train/00a61790a271eaf9.jpg 380,209,461,337,9 376,89,461,276,9 287,120,373,234,9 247,104,298,282,9 391,107,455,217,9 287,134,365,230,9 2,253,52,360,9 245,103,454,286,16
dataver1/images/train/00a6655546c4e9af.jpg 88,36,312,448,11
dataver1/images/train/00a73ebd9a7e11b3.jpg 47,103,223,287,1
dataver1/images/train/00a752531903623d.jpg 206,84,406,211,17 249,100,350,179,12
dataver1/images/train/00a75c9413948f9b.jpg 71,62,420,224,12
dataver1/images/train/00a7d31c6cc6b7f3.jpg 429,44,486,110,1 70,13,130,214,1 304,198,390,242,1
dataver1/images/train/00a8974810aeb6b1.jpg
dataver1/images/train/00a8b82f9944ae6c.jpg
dataver1/images/train/00a9345ff161486f.jpg 23,53,305,340,17 23,79,131,319,17
dataver1/images/train/00a953f86e4155b0.jpg 392,170,466,345,11 117,195,458,407,11 79,13,467,415,11
dataver1/images/train/00a9a9eaa5f967b1.jpg 354,166,447,364,6 85,183,156,365,6
dataver1/images/train/00a9de4ad27bf0a9.jpg 142,278,200,411,11 94,292,263,427,11
dataver1/images/train/00aa0ca8c7a16310.jpg
dataver1/images/train/00aa9b68ec111159.jpg
dataver1/images/train/00ab05abc43e24ce.jpg 86,158,260,370,8
dataver1/images/train/00ab376166217ee6.jpg 274,115,390,264,14 233,245,266,272,14 204,239,230,287,14 468,228,579,282,14
dataver1/images/train/00ab47804c7c4932.jpg 95,209,261,412,1 85,208,172,410,1
dataver1/images/train/00ab5a0aecd2a5a5.jpg 5,11,425,374,12
dataver1/images/train/00abee7bfcf42e61.jpg
dataver1/images/train/00ad496f316c7b5a.jpg
dataver1/images/train/00add1148d8f3e4c.jpg 238,147,345,237,17 236,30,341,109,17 236,268,353,369,17 235,390,352,489,17 131,27,237,107,17 130,144,233,239,17 125,269,239,368,17 24,148,127,236,17 22,270,127,359,17 15,17,129,107,17 14,396,133,493,17
dataver1/images/train/00addb318991e6cf.jpg 432,151,498,281,16 343,164,428,351,16 270,165,351,331,16 208,157,271,223,16
dataver1/images/train/00ae1af0f69f962d.jpg
dataver1/images/train/00ae3d40f7f9f2fe.jpg 322,268,361,276,3
dataver1/images/train/00ae3e614e0dba41.jpg
dataver1/images/train/00ae6efec51b9be3.jpg 1,108,230,317,11
dataver1/images/train/00af251a79ef41a0.jpg 378,98,606,390,3
dataver1/images/train/00afccb3e5e8e903.jpg 151,115,333,339,3 97,116,217,259,3 41,109,132,234,3 18,92,76,189,3
dataver1/images/train/00b031b409d21341.jpg 340,54,621,85,4 161,59,271,145,4
dataver1/images/train/00b0367dc1d8facb.jpg 297,200,397,288,17 210,102,289,163,17
dataver1/images/train/00b0b181cd8a3bcc.jpg
dataver1/images/train/00b115e52ab95c0b.jpg
dataver1/images/train/00b15163fb26916c.jpg 164,127,365,356,11
dataver1/images/train/00b1a2490b8c0930.jpg 28,359,379,576,11
dataver1/images/train/00b1a8b1563a2ed1.jpg
dataver1/images/train/00b1c4157306ef6f.jpg
dataver1/images/train/00b20c960e6e82c2.jpg 179,103,478,419,11
dataver1/images/train/00b240e7bcc6f674.jpg 352,57,510,320,9 213,237,359,349,9 129,45,214,340,9 479,95,504,117,9 466,171,498,195,9 460,120,504,144,9 460,249,488,270,9 431,195,503,240,9 430,92,457,114,9 360,239,425,270,9 359,285,408,313,9 356,60,448,81,9 354,193,434,239,9 354,80,431,114,9 353,143,430,190,9 136,48,213,71,9 136,71,216,105,9 136,272,185,316,9 134,137,212,168,9 133,166,213,201,9 133,238,190,269,9 219,177,292,241,9 401,237,635,409,9 131,16,508,340,16 131,42,219,347,16 400,240,639,372,16 31,284,120,470,16
dataver1/images/train/00b26c158f79580a.jpg 142,110,392,311,12 69,417,142,490,12 60,399,151,484,12
dataver1/images/train/00b2cc59bdb8dd99.jpg 310,17,409,130,12 299,137,468,340,12 224,87,350,338,12 72,129,296,340,12
dataver1/images/train/00b2fa8f6d0143aa.jpg 115,50,300,322,11 23,10,116,156,11
dataver1/images/train/00b33491ae95d29c.jpg 84,15,567,327,12
dataver1/images/train/00b334f852afe550.jpg 213,172,318,559,1 97,220,147,510,1
dataver1/images/train/00b3eeaab634404f.jpg
dataver1/images/train/00b4092092d8102c.jpg 452,116,532,234,9 370,241,466,367,9 153,303,222,359,9 68,230,159,374,9 164,130,323,355,9 164,133,325,356,9
dataver1/images/train/00b478ccb91088da.jpg
dataver1/images/train/00b4ac624689b33a.jpg 240,104,327,314,1 149,99,241,321,1
dataver1/images/train/00b596a9edd67acf.jpg 37,91,288,415,11
dataver1/images/train/00b658f5646884a6.jpg 215,73,423,291,12
dataver1/images/train/00b68a24db982faa.jpg 140,81,182,465,1 89,123,142,422,1
dataver1/images/train/00b68ff0919c939a.jpg 225,90,389,224,11
dataver1/images/train/00b71526737fc06e.jpg
dataver1/images/train/00b7d0fdf85a3344.jpg 222,186,448,340,2
dataver1/images/train/00b7d789c4735e07.jpg
dataver1/images/train/00b7df554f290d2a.jpg 103,182,185,246,11
dataver1/images/train/00b82a5acc567289.jpg
dataver1/images/train/00b8b0c72e4f13a2.jpg 175,166,405,281,8
dataver1/images/train/00b8f86ac43840fd.jpg 115,71,415,184,11
dataver1/images/train/00b907ba6356093d.jpg 464,295,472,314,8 455,240,488,277,8 332,288,464,353,8 328,248,384,282,8 297,210,332,248,8 275,264,324,282,8 269,277,309,323,8 264,251,325,279,8 245,219,299,242,8 242,216,272,234,8 207,198,235,232,8 172,252,219,297,8 168,239,202,276,8 125,244,169,271,8 125,250,147,278,8
dataver1/images/train/00b92fe674de375d.jpg 268,118,380,258,6 187,78,250,142,6 64,79,123,116,6
dataver1/images/train/00b94e1e21999892.jpg
dataver1/images/train/00b9d637da4c9185.jpg 364,209,372,221,8 329,225,388,248,8 326,214,355,225,8 301,176,361,225,8 145,242,162,277,8 120,261,171,285,8 107,206,135,236,8
dataver1/images/train/00ba42932823c734.jpg 36,14,487,488,12
dataver1/images/train/00ba67e2562ef1cc.jpg
dataver1/images/train/00bb3c399906cd91.jpg 528,266,605,377,11 472,277,535,365,11 157,244,251,354,11
dataver1/images/train/00bb60b91c5335b1.jpg
dataver1/images/train/00bb938225f875d4.jpg
dataver1/images/train/00bb9858f95813ba.jpg 80,99,94,175,9 19,88,387,200,9 296,154,360,210,9 291,134,312,156,9 287,161,499,293,9 253,126,267,136,9 143,129,190,141,9 104,150,137,157,9 103,134,141,140,9 79,161,201,178,9
dataver1/images/train/00bc56e80ac7b49e.jpg
dataver1/images/train/00bc5d96375f2f71.jpg 319,161,401,246,11
dataver1/images/train/00bc9f14db31c418.jpg
dataver1/images/train/00bd3f67d6e5d850.jpg 198,315,378,422,11 130,362,175,432,11
dataver1/images/train/00bd4e740e3ed402.jpg 554,353,636,399,9 460,265,474,284,9 452,267,522,322,9 450,7,522,87,9 449,131,528,200,9 447,202,511,258,9 446,63,529,145,9 403,55,444,107,9 395,270,444,309,9 394,318,448,362,9 392,367,438,414,9 389,99,442,160,9 388,162,445,209,9 386,211,445,253,9
dataver1/images/train/00bd5fe120df32e7.jpg
dataver1/images/train/00bdfe164d09e786.jpg 296,528,450,612,12 426,300,536,372,12 331,306,465,388,12
dataver1/images/train/00be2ab73e8d1d00.jpg 16,230,194,398,14 260,172,507,338,4 232,42,306,77,4 443,209,480,242,4 402,203,447,243,4 372,200,414,240,4 358,193,395,227,4 230,40,309,80,18 222,146,287,249,7 224,145,291,253,7
dataver1/images/train/00be3819de323a2a.jpg
dataver1/images/train/00bea4f0057371f6.jpg 178,357,195,461,9 360,284,372,305,16 350,244,356,271,16 341,264,349,278,16 331,261,339,276,16 324,372,356,448,16 293,409,299,424,16 289,430,303,447,16 274,406,290,453,16 268,427,276,450,16 246,235,296,296,16 96,438,140,460,16 80,384,117,428,16 67,403,78,430,16 61,222,131,309,16
dataver1/images/train/00bf85a03fd3d665.jpg
dataver1/images/train/00bfc2107be735f8.jpg 384,180,600,340,11 81,184,308,283,11
dataver1/images/train/00bfeaa4a297dd65.jpg 219,33,349,424,1
dataver1/images/train/00bff47cd402e40c.jpg
dataver1/images/train/00c0467ba9d66418.jpg
dataver1/images/train/00c0f5800802def4.jpg 264,117,297,197,9 210,104,232,206,9 239,450,293,491,9 222,452,267,498,9 217,443,230,473,9 160,395,209,479,9 292,357,349,411,9 234,345,299,411,9 63,73,117,189,9
dataver1/images/train/00c1323bb33c5b07.jpg 249,197,419,442,11
dataver1/images/train/00c220e667b169b5.jpg
dataver1/images/train/00c227354a96b5ae.jpg 67,88,528,313,11
dataver1/images/train/00c284fecdb48bdf.jpg 318,135,602,268,11 316,127,463,226,11
dataver1/images/train/00c307ffd9aa41b4.jpg
dataver1/images/train/00c317e49f3f7994.jpg
dataver1/images/train/00c31dd7f6a4e4df.jpg 107,248,188,290,2
dataver1/images/train/00c380192e7eb820.jpg 112,307,301,425,11 66,324,352,497,11
dataver1/images/train/00c456a12d2c0d63.jpg
dataver1/images/train/00c49d30f5689d71.jpg
dataver1/images/train/00c4c615d3beb1fb.jpg 233,29,499,359,11 102,139,321,345,11
dataver1/images/train/00c5823c969f01e9.jpg
dataver1/images/train/00c6e6de470c2346.jpg 267,104,450,320,12 169,179,332,396,12 25,84,264,264,12
dataver1/images/train/00c84f42d6812299.jpg
dataver1/images/train/00c8b9df417e0269.jpg 102,76,589,337,11
dataver1/images/train/00c8be6b860f574f.jpg 238,254,395,389,11
dataver1/images/train/00c8d13241389852.jpg
dataver1/images/train/00c8f0cd89f64508.jpg 27,64,229,332,12
dataver1/images/train/00c94091e1504341.jpg 226,92,378,307,11 119,59,472,311,11 379,152,478,255,11
dataver1/images/train/00c944ee7f99eb85.jpg 87,103,253,411,12
dataver1/images/train/00c990d6b457517b.jpg
dataver1/images/train/00ca2179c6ccfc86.jpg 96,282,306,347,14 299,89,514,450,15
dataver1/images/train/00ca922eb4890a3b.jpg
dataver1/images/train/00cae84e31ced53e.jpg 334,315,499,374,2 98,247,238,374,2
dataver1/images/train/00cb40d7ea24aa3b.jpg 353,440,413,572,1
dataver1/images/train/00cb52afe8b6781b.jpg 107,58,397,246,11
dataver1/images/train/00cc2b5e5151feb8.jpg
dataver1/images/train/00ccf711569009dd.jpg 531,142,581,186,11 430,114,461,150,11 423,126,458,164,11 413,141,462,184,11 344,120,411,158,11 473,155,544,262,11 377,198,470,307,11 478,111,522,215,11 397,130,460,282,11
dataver1/images/train/00cd49d8e8f478a0.jpg 117,9,423,259,16
dataver1/images/train/00ce26ab622df48a.jpg
dataver1/images/train/00ce3c2f4657457f.jpg 139,101,334,330,1
dataver1/images/train/00ce728f9c824947.jpg
dataver1/images/train/00cea2c13fa515e3.jpg 218,111,287,150,4 208,95,267,143,4 113,98,194,163,4 110,109,209,178,4 104,107,162,160,4 281,106,325,141,4 37,152,102,264,4
dataver1/images/train/00cefad2de9dc2a1.jpg 2,315,299,607,5
dataver1/images/train/00cf1b0d0f4d6f7a.jpg
dataver1/images/train/00cf53cae28efbd2.jpg 14,125,495,272,12
dataver1/images/train/00cfb99c0cd105dc.jpg 10,52,476,296,12
dataver1/images/train/00d075961b9a3b48.jpg 92,23,397,348,12
dataver1/images/train/00d085b03bfbe309.jpg
dataver1/images/train/00d097b9dc2d47e3.jpg 516,153,524,164,12 511,136,555,203,12 509,175,544,204,12 504,154,514,162,12 495,153,506,163,12 486,150,495,162,12 476,160,523,198,12 458,168,482,198,12 434,134,478,199,12 366,318,376,326,12 318,188,368,205,12 283,176,303,200,12 250,255,325,316,12 250,184,276,201,12 225,108,256,146,12 223,180,251,208,12 213,210,224,220,12 105,230,252,339,12 96,231,175,401,12 63,98,86,128,12 44,100,63,129,12
dataver1/images/train/00d09c8cc2ef41d6.jpg 90,160,161,360,11
dataver1/images/train/00d0c59b405175a1.jpg 201,70,472,383,12
dataver1/images/train/00d1b7970d960626.jpg 29,64,450,320,12
dataver1/images/train/00d1fa85689c90a7.jpg
dataver1/images/train/00d217d455ed92dc.jpg
dataver1/images/train/00d26e590619a32a.jpg 28,61,499,205,17
dataver1/images/train/00d2c5311812dc78.jpg 157,108,304,325,12
dataver1/images/train/00d2ccd8f8804528.jpg
dataver1/images/train/00d2ebbbc8df95d8.jpg 262,56,463,272,4
dataver1/images/train/00d30463d810901f.jpg 273,113,457,297,11 72,55,280,212,11 23,69,205,289,11
dataver1/images/train/00d3cd36a54d6a8b.jpg
dataver1/images/train/00d3ede4afa2a516.jpg
dataver1/images/train/00d3fbecc2f907b8.jpg 345,302,394,354,9
dataver1/images/train/00d3fcbc86861f4a.jpg 81,30,287,477,1
dataver1/images/train/00d525f1d24eec90.jpg 36,112,450,238,12
dataver1/images/train/00d54ced733f4511.jpg
dataver1/images/train/00d5eb460eab4613.jpg 174,216,363,424,11
dataver1/images/train/00d6362f8f4a0280.jpg 76,255,225,396,11
dataver1/images/train/00d654c86164081f.jpg 23,107,338,480,9 258,121,290,210,9 210,5,334,67,9 184,311,281,372,9 57,122,297,203,9 28,110,327,466,16
dataver1/images/train/00d67ab9e6db2059.jpg 130,87,240,207,17
dataver1/images/train/00d718ac2097a3ac.jpg 145,264,275,395,3 285,262,346,461,3 25,280,135,446,3
dataver1/images/train/00d71a18afab7adb.jpg 118,47,468,331,3 316,159,401,223,3 160,123,237,188,3 120,44,452,342,3
dataver1/images/train/00d72a4730f27b4f.jpg 111,148,271,349,12
dataver1/images/train/00d75e217b0b6a3c.jpg
dataver1/images/train/00d760a3ec7ab17f.jpg 101,140,251,226,14 335,188,402,283,14 479,129,496,150,14 197,139,228,162,14 90,14,107,26,14 337,190,399,283,14 151,138,250,181,14
dataver1/images/train/00d7e2f5886a9926.jpg
dataver1/images/train/00d93c811a376188.jpg
dataver1/images/train/00d9b19d3f4d9485.jpg
dataver1/images/train/00d9b3297b2405c4.jpg
dataver1/images/train/00d9b6154afed374.jpg
dataver1/images/train/00d9f5a982a39d72.jpg
dataver1/images/train/00da81c3daddcac9.jpg 105,158,639,371,11
dataver1/images/train/00dafd4054bb4578.jpg
dataver1/images/train/00db278f9e2dc727.jpg 151,206,275,400,11 105,274,262,437,11 111,242,265,436,11
dataver1/images/train/00db425b34005df4.jpg
dataver1/images/train/00db839f935b5829.jpg
dataver1/images/train/00dbfb71d81618ea.jpg 57,54,252,417,1
dataver1/images/train/00dca91db138c057.jpg 413,242,469,328,8 148,368,206,478,8 79,357,168,404,8 54,372,96,395,8 223,165,312,234,8 413,262,464,325,8
dataver1/images/train/00dcc64efbd8fca5.jpg 201,182,424,523,12
dataver1/images/train/00dcdd59958c8423.jpg
dataver1/images/train/00dd41de14ee0fc2.jpg 287,262,403,421,12 208,298,271,396,12 179,395,316,494,12
dataver1/images/train/00dd76913fe509f1.jpg 85,46,236,221,11
dataver1/images/train/00dd9f68529e5ef8.jpg
dataver1/images/train/00ddb47cfeec7979.jpg 64,125,300,297,4
dataver1/images/train/00de0988a379b6e4.jpg 445,172,455,182,2
dataver1/images/train/00deaa8108d6b4dc.jpg
dataver1/images/train/00dfa446549313d7.jpg 142,124,266,194,11
dataver1/images/train/00dfbe9fe376ea0f.jpg
dataver1/images/train/00e02103383f2974.jpg
dataver1/images/train/00e0d869b500a9c4.jpg 79,40,394,190,11
dataver1/images/train/00e0fcae3531d26c.jpg
dataver1/images/train/00e1fa8ed73fec9e.jpg 163,190,321,246,0
dataver1/images/train/00e1ff25fc2a7216.jpg
dataver1/images/train/00e2cc12bffd0d11.jpg 201,110,309,246,12
dataver1/images/train/00e31241c7def01a.jpg
dataver1/images/train/00e3adb39d0db247.jpg 234,141,414,392,11
dataver1/images/train/00e3f83e77fdafde.jpg 103,370,153,412,12
dataver1/images/train/00e4803ef5d14706.jpg 434,262,467,292,12 6,34,449,268,12
dataver1/images/train/00e49d11aa6c9b6f.jpg 202,171,442,471,11
dataver1/images/train/00e4d41ec48a1d17.jpg 34,15,461,372,11
dataver1/images/train/00e562cffbee0e0d.jpg 80,34,408,396,11
dataver1/images/train/00e587d239625b58.jpg 258,94,284,142,14 148,165,328,333,14 174,95,348,166,14
dataver1/images/train/00e592189bfb5473.jpg
dataver1/images/train/00e5fe1e74a2e395.jpg 165,46,358,272,12
dataver1/images/train/00e61612e8a4e8d2.jpg 255,309,296,427,6 204,295,256,426,6
dataver1/images/train/00e71f3e8b388733.jpg 120,1,456,353,11
dataver1/images/train/00e77ee3208972d8.jpg
dataver1/images/train/00e7a8465cc65131.jpg
dataver1/images/train/00e816c6931eb1df.jpg 129,176,271,295,0
dataver1/images/train/00e819f3456bd4c4.jpg 435,177,567,268,4 424,190,523,260,4 389,182,488,265,4 346,168,427,230,4 331,167,382,228,4 304,173,367,237,4 82,183,147,238,4 267,189,326,221,4
dataver1/images/train/00e8260ea614a141.jpg 293,229,368,312,12
dataver1/images/train/00e857028dea80d7.jpg 234,31,624,413,11
dataver1/images/train/00e8913e400286ce.jpg 65,144,263,297,12
dataver1/images/train/00e894a7926da616.jpg 50,61,519,392,11
dataver1/images/train/00e8ea67461c8aea.jpg 237,150,639,219,14
dataver1/images/train/00e95dc27c8dbdfa.jpg 42,159,422,314,3
dataver1/images/train/00e960551d34aff8.jpg 233,137,422,369,11
dataver1/images/train/00e971cf78ef3578.jpg
dataver1/images/train/00e9a45ad9c18f1b.jpg
dataver1/images/train/00e9ad6b9f0fc522.jpg
dataver1/images/train/00ea0934ce394447.jpg 265,150,499,321,12
dataver1/images/train/00eabe780464576f.jpg
dataver1/images/train/00eac4898bbbbad2.jpg 117,109,360,266,12 60,114,353,377,12
dataver1/images/train/00eae30351e73125.jpg
dataver1/images/train/00eb0b58b9a74c2a.jpg 94,258,438,374,3 96,261,428,387,0
dataver1/images/train/00eb193f9be4c4a7.jpg 51,54,358,356,12
dataver1/images/train/00eb336ab1429b55.jpg 397,146,546,234,8 332,247,584,444,8 50,219,115,301,8 10,196,347,443,8 408,155,524,231,8 359,258,561,436,8 84,110,272,195,8 42,224,313,427,8 40,58,278,220,8
dataver1/images/train/00ebbe86769979a4.jpg
dataver1/images/train/00ebe6d84a34a43e.jpg 37,94,185,321,11 397,239,482,287,11 411,23,496,272,11
dataver1/images/train/00ec3bf236d6e83f.jpg 342,167,435,251,4 256,174,348,250,4
dataver1/images/train/00ed03100c0cf4f1.jpg
dataver1/images/train/00ed67e74705df5b.jpg
dataver1/images/train/00ed68003070c9e8.jpg 82,285,315,512,5 78,281,323,510,5
dataver1/images/train/00edcb1c0670f45d.jpg 173,111,368,390,11
dataver1/images/train/00ede254f5367c62.jpg 100,331,303,592,12
dataver1/images/train/00ee1ed0135a0cf4.jpg 507,115,583,170,11 490,50,559,107,11 470,73,526,138,11 434,20,560,88,11 414,87,474,136,11 410,47,467,98,11 334,63,379,97,11 314,39,401,70,11 311,17,358,55,11 295,71,339,95,11 138,80,174,105,11
dataver1/images/train/00ef1222acdb8e71.jpg
dataver1/images/train/00f01e28748b5ace.jpg
dataver1/images/train/00f03ff0eee0b5a3.jpg 84,54,474,582,4 136,112,475,236,4 97,177,393,246,4 73,119,128,234,4 48,161,117,422,4
dataver1/images/train/00f06d3432a38b24.jpg 233,60,487,444,6 146,337,186,368,6 282,315,364,459,6 227,260,272,291,6 40,248,100,308,6 52,144,247,356,6 74,283,144,474,6
dataver1/images/train/00f08263a1a686a5.jpg 112,122,334,537,9 335,484,407,533,9
dataver1/images/train/00f0a154949ae89b.jpg 88,197,365,366,12
dataver1/images/train/00f118f363038666.jpg 422,424,624,600,2 18,421,112,538,2 19,245,621,589,2
dataver1/images/train/00f13c30c14f702c.jpg 305,205,381,225,9 7,20,369,593,9
dataver1/images/train/00f1445aa9902737.jpg
dataver1/images/train/00f14f9fc47d3137.jpg 614,61,627,135,9 602,60,611,134,9 590,67,600,131,9 578,64,586,141,9 564,65,575,134,9 553,80,561,131,9 541,67,554,135,9 524,71,538,131,9 510,66,525,138,9 500,68,514,134,9 486,57,500,128,9 478,60,491,131,9 464,43,474,128,9 58,316,78,369,9
dataver1/images/train/00f186cc78e9d697.jpg 294,245,369,385,0
dataver1/images/train/00f296ae1015adcd.jpg 150,146,418,326,3 70,120,165,154,3 431,185,483,280,3 376,201,465,342,3 74,160,121,280,3 56,132,104,165,3 25,128,69,196,3 1,151,36,218,3 432,123,477,197,3 357,105,379,150,3 346,111,462,300,3 145,115,193,176,3 92,124,196,329,3 78,114,169,215,3 57,83,86,125,3 41,100,72,136,3 77,167,200,349,3 246,114,354,317,3
dataver1/images/train/00f360945df4e732.jpg
dataver1/images/train/00f3b2264bbb84a4.jpg
dataver1/images/train/00f3f658b7f70e32.jpg
dataver1/images/train/00f4513e0686bcb1.jpg
dataver1/images/train/00f45f90bc0a213a.jpg 55,10,288,329,11
dataver1/images/train/00f633644397244d.jpg 56,63,444,315,9 62,61,445,316,9 192,89,322,315,16 189,115,326,155,9
dataver1/images/train/00f6752ba73a31ee.jpg
dataver1/images/train/00f6761cbc7e69da.jpg
dataver1/images/train/00f6a80e7f1a229a.jpg 89,156,221,317,9 60,243,90,251,13 58,254,124,306,13 29,243,56,254,13 56,258,123,304,13
dataver1/images/train/00f766353a562954.jpg
dataver1/images/train/00f78ded346d4d52.jpg 97,64,230,283,11
dataver1/images/train/00f7f7cb6aa899f1.jpg 111,422,393,588,11 182,212,461,458,11 150,73,511,481,11
dataver1/images/train/00f8083d1f42cb61.jpg
dataver1/images/train/00f9357e980a0271.jpg
dataver1/images/train/00fa177962888ffd.jpg
dataver1/images/train/00fac52924506248.jpg 440,285,562,395,11
dataver1/images/train/00fba1cac05cc49d.jpg
dataver1/images/train/00fc00f818656d9b.jpg
dataver1/images/train/00fc1e18f41d618a.jpg
dataver1/images/train/00fc623eea911da2.jpg 196,74,299,490,11
dataver1/images/train/00fca018266ace5b.jpg 239,148,336,191,11
dataver1/images/train/00fd9324ec7e3449.jpg 204,50,430,381,11
dataver1/images/train/00fdae92723aa65c.jpg 181,223,295,302,0 36,266,173,336,0
dataver1/images/train/00fdf6827081c750.jpg 78,250,326,467,11
dataver1/images/train/00fe4d88ac3dd641.jpg
dataver1/images/train/00feb00bd9793691.jpg
dataver1/images/train/00febd00ede4b95c.jpg 4,53,372,423,12
dataver1/images/train/0100362c97144dd0.jpg
dataver1/images/train/01004b855fd7be33.jpg 18,122,228,444,11
dataver1/images/train/0100f4a83af8c405.jpg 262,97,493,468,11
dataver1/images/train/0101754031adf17e.jpg 252,131,421,515,11
dataver1/images/train/01017856bd2da59b.jpg
dataver1/images/train/01019258a963ad91.jpg
dataver1/images/train/010196cc2c7d12a8.jpg
dataver1/images/train/01019a9362cd16d9.jpg 18,183,239,397,11
dataver1/images/train/0101d581e88bb4ab.jpg
dataver1/images/train/01021515c433c0a5.jpg 226,110,374,291,11
dataver1/images/train/01023dcc1e7f03ac.jpg 49,13,462,373,3 2,35,111,288,3
dataver1/images/train/010253918f80d7d2.jpg 41,18,407,365,17
dataver1/images/train/010292652e8163e6.jpg 183,238,212,302,8 53,216,77,282,8
dataver1/images/train/01037e6a78f2f66d.jpg 30,104,456,270,2
dataver1/images/train/0103f4dbc553beec.jpg
dataver1/images/train/0103fb1a68452b0b.jpg 218,270,327,344,3 217,281,287,447,3 362,448,424,551,3 344,341,395,429,3 337,387,385,480,3 307,484,367,581,3 307,308,358,399,3 218,446,284,540,3 204,472,271,568,3 103,450,170,536,3 84,486,152,586,3 202,306,235,375,3 33,338,310,489,3
dataver1/images/train/01042f20cae62d02.jpg 248,147,301,185,14 69,184,380,339,14
dataver1/images/train/0104ed24ce594848.jpg 23,1,397,480,11
dataver1/images/train/0104fcde0127d8f9.jpg
dataver1/images/train/0105294a1d2ce553.jpg
dataver1/images/train/01062f95d267ee32.jpg 56,60,406,306,11
dataver1/images/train/010647d38d8c44af.jpg 105,210,390,427,1
dataver1/images/train/010655900341ec9f.jpg 97,29,408,415,12
dataver1/images/train/010655bf9bb2190a.jpg
dataver1/images/train/0106fcd08df1f179.jpg 350,217,488,311,11 149,262,280,393,11 409,100,494,183,11 164,43,358,284,11 25,140,122,224,11
dataver1/images/train/0107e5ab668e13ae.jpg 112,24,474,524,11
dataver1/images/train/0108b48ecce161dd.jpg 395,317,412,361,1 303,140,396,266,1 200,211,245,271,1
dataver1/images/train/01090c62db728060.jpg
dataver1/images/train/0109ab173a56de9e.jpg 476,172,490,190,8 467,172,476,191,8 449,170,466,190,8 431,171,446,188,8 416,182,494,191,8 362,212,381,249,8 355,229,368,241,8 274,171,285,186,8 209,174,226,192,8 48,254,76,331,8
dataver1/images/train/0109adbd66da7058.jpg 64,26,333,497,17
dataver1/images/train/0109c7219fa4c3ce.jpg
dataver1/images/train/0109cfd95eedd6c6.jpg
dataver1/images/train/010a969b0c366ecc.jpg 220,105,434,558,12
dataver1/images/train/010ac5d2b61d22dd.jpg
dataver1/images/train/010b33204cb58241.jpg 442,193,574,391,11
dataver1/images/train/010b3f6dc1ec76c0.jpg
dataver1/images/train/010b4acba21dabd5.jpg 233,317,574,493,5
dataver1/images/train/010b4b27836063ea.jpg
dataver1/images/train/010b7afc404408f9.jpg 28,156,314,420,11
dataver1/images/train/010bfa034b18e6d6.jpg
dataver1/images/train/010c204e1162c640.jpg 12,56,481,310,11 457,288,497,368,11 231,25,349,191,11
dataver1/images/train/010d3504e978b684.jpg
dataver1/images/train/010dd0cbb5d5b46a.jpg 75,161,280,309,0 339,162,441,301,0 258,104,308,159,0 177,240,208,301,0 174,153,263,271,0
dataver1/images/train/010ed612cc654ffb.jpg 111,156,396,580,1
dataver1/images/train/010f02e84e465c4e.jpg 271,136,445,280,12 259,49,396,158,12 67,145,268,349,12
dataver1/images/train/010f2ac1b58f7292.jpg
dataver1/images/train/010f678effd86d48.jpg
dataver1/images/train/010fb8018f87530e.jpg 60,156,476,286,11
dataver1/images/train/010fd9ecb945d94d.jpg 147,128,358,451,11
dataver1/images/train/01105e10e4f4b0cf.jpg
dataver1/images/train/011072e8c268cb5e.jpg 26,296,118,399,11 376,134,412,163,11 372,132,418,177,11 374,120,412,166,11
dataver1/images/train/01109ed80e2fddeb.jpg
dataver1/images/train/01111cff71b625cd.jpg
dataver1/images/train/0111926f53db2f0c.jpg
dataver1/images/train/0111d0f0dd17147e.jpg 232,25,611,551,12
dataver1/images/train/01120ea36bdbb0a3.jpg
dataver1/images/train/0113205b78dbd9fe.jpg 147,55,275,115,3 150,54,276,113,3 150,57,278,116,3 150,58,281,111,3 149,50,280,114,3 330,161,435,300,0 314,165,360,304,0 250,134,281,160,0 242,142,256,157,0 144,101,162,143,0 109,177,145,246,0 119,51,322,364,0
dataver1/images/train/01132ff663381d7c.jpg
dataver1/images/train/011355149d7937a8.jpg 262,91,406,367,12
dataver1/images/train/0113ec7595f6a58f.jpg 345,323,431,542,14 245,336,357,601,14
dataver1/images/train/011408265d9809e3.jpg 41,301,192,470,3 78,194,152,244,3 36,305,206,472,0 366,344,497,474,0
dataver1/images/train/01146df9df61b0ab.jpg 340,80,464,159,12 133,258,210,297,12 98,194,258,246,12 69,145,233,206,12 61,198,200,273,12
dataver1/images/train/0115932e30126ca3.jpg 9,354,478,610,0
dataver1/images/train/0115a6c465d8f121.jpg 276,114,499,289,11 148,149,338,332,11 140,95,314,321,11
dataver1/images/train/0115fa70aa8c2e46.jpg
dataver1/images/train/0115fcbb6b8e2c0d.jpg
dataver1/images/train/0116a9590f55a74a.jpg
dataver1/images/train/01180d255189d67e.jpg 170,343,217,420,6 54,128,253,538,6
dataver1/images/train/011867b15446cfd5.jpg 1,415,37,460,9 157,185,260,271,9 150,317,276,512,9 127,262,325,534,16
